Time,Boat.CrewXPos,Boat.Heel,Boat.Helm,Boat.Leeway,Boat.MassAftBallast,Boat.MassFwdBallast,Boat.MassSideBallast,Boat.RudderDelta,Boat.Speed_kts,Boat.TWA,Boat.TWS_kts,Boat.Trim,Boat.VMG_kts,Boat.Aero.Power,Boat.Aero.Travel,Boat.Keel.KeelCant,Boat.Port.FoilExtPct,Boat.Port.FoilRake,Boat.Stbd.FoilExtPct,Boat.Stbd.FoilRake,Boat.Stbd.RudderRake
0.0,10,5.5,0.0389,0.0,0,0,0,0.5,24.8,89.9,21.1,-0.0,0.0336,-0.4,3.8,26,809,0.5,0,0,0
0.05,10,5.5,0.0406,-0.217,0,0,0,0.5,24.7,89.9,21.1,-0.0,0.127,-0.4,3.8,26,809,0.5,0,0,0
0.1,10,5.5,0.0275,-0.406,0,0,0,0.5,24.7,89.9,21.1,0.00199,0.197,-0.4,3.8,26,809,0.5,0,0,0
0.15,10,5.6,0.0222,-0.503,0,0,0,0.5,24.6,90.0,21.1,0.0664,0.234,-0.4,3.8,26,809,0.5,0,0,0
0.2,10,5.7,0.0291,-0.491,0,0,0,0.5,24.5,89.9,21.1,0.191,0.234,-0.4,3.8,26,809,0.5,0,0,0
0.25,10,5.9,0.0423,-0.44,0,0,0,0.5,24.5,89.9,21.1,0.348,0.223,-0.4,3.8,26,809,0.5,0,0,0
0.3,10,6.0,0.063,-0.331,0,0,0,0.5,24.4,89.9,21.1,0.534,0.193,-0.4,3.8,26,809,0.5,0,0,0
0.35,10,6.2,0.0853,-0.192,0,0,0,0.5,24.4,89.8,21.1,0.708,0.151,-0.4,3.8,26,809,0.5,0,0,0
0.4,10,6.4,0.103,-0.0521,0,0,0,0.5,24.3,89.8,21.1,0.834,0.105,-0.4,3.8,26,809,0.5,0,0,0
0.45,10,6.5,0.119,0.109,0,0,0,0.5,24.2,89.8,21.1,0.903,0.0477,-0.4,3.8,26,809,0.5,0,0,0
0.5,10,6.7,0.133,0.206,0,0,0,0.5,24.2,89.8,21.1,0.935,0.017,-0.4,3.8,26,809,0.5,0,0,0
0.55,10,6.8,0.147,0.203,0,0,0,0.5,24.2,89.7,21.1,0.94,0.0278,-0.4,3.8,26,809,0.5,0,0,0
0.6,10,7.0,0.161,0.131,0,0,0,0.5,24.2,89.7,21.1,0.93,0.068,-0.4,3.8,26,809,0.5,0,0,0
0.65,10,7.2,0.176,0.0186,0,0,0,0.5,24.1,89.7,21.1,0.922,0.125,-0.4,3.8,26,809,0.5,0,0,0
0.7,10,7.3,0.194,-0.0236,0,0,0,0.5,24.1,89.7,21.1,0.928,0.155,-0.4,3.8,26,809,0.5,0,0,0
0.75,10,7.5,0.21,-0.0284,0,0,0,0.5,24.1,89.6,21.1,0.932,0.168,-0.4,3.8,26,809,0.5,0,0,0
0.8,10,7.7,0.222,-0.0552,0,0,0,0.5,24.2,89.6,21.1,0.922,0.186,-0.4,3.8,26,809,0.5,0,0,0
0.85,10,7.8,0.231,-0.121,0,0,0,0.5,24.2,89.6,21.1,0.885,0.218,-0.4,3.8,26,809,0.5,0,0,0
0.9,10,8.0,0.237,-0.274,0,0,0,0.5,24.3,89.6,21.1,0.806,0.285,-0.4,3.8,26,809,0.5,0,0,0
0.95,10,8.1,0.251,-0.509,0,0,0,0.5,24.3,89.6,21.1,0.699,0.396,-0.4,3.8,26,809,0.5,0,0,0
1.0,10,8.2,0.286,-0.743,0,0,0,0.5,24.3,89.5,21.1,0.597,0.522,-0.4,3.8,26,809,0.5,0,0,0
1.05,10,8.2,0.342,-0.864,0,0,0,0.5,24.3,89.4,21.1,0.515,0.618,-0.4,3.8,26,809,0.5,0,0,0
1.1,10,8.3,0.412,-0.82,0,0,0,0.5,24.3,89.3,21.1,0.44,0.652,-0.4,3.8,26,809,0.5,0,0,0
1.15,10,8.3,0.486,-0.646,0,0,0,0.5,24.2,89.1,21.1,0.34,0.634,-0.4,3.8,26,809,0.5,0,0,0
1.2,10,8.4,0.561,-0.4,0,0,0,0.5,24.2,89.0,21.1,0.205,0.585,-0.4,3.8,26,809,0.5,0,0,0
1.25,10,8.5,0.632,-0.111,0,0,0,0.5,24.2,88.9,21.1,0.027,0.512,-0.4,3.8,26,809,0.5,0,0,0
1.3,10,8.6,0.689,0.175,0,0,0,0.5,24.1,88.8,21.1,-0.205,0.429,-0.4,3.8,26,809,0.5,0,0,0
1.35,10,8.8,0.731,0.397,0,0,0,0.5,24.2,88.7,21.1,-0.465,0.36,-0.4,3.8,26,809,0.5,0,0,0
1.4,10,9.0,0.76,0.516,0,0,0,0.5,24.2,88.7,21.1,-0.732,0.325,-0.4,3.8,26,809,0.5,0,0,0
1.45,10,9.2,0.783,0.53,0,0,0,0.5,24.2,88.7,21.1,-0.993,0.327,-0.4,3.8,26,809,0.5,0,0,0
1.5,10,9.3,0.799,0.439,0,0,0,0.5,24.3,88.7,21.1,-1.24,0.368,-0.4,3.8,26,809,0.5,0,0,0
1.55,10,9.4,0.812,0.276,0,0,0,0.5,24.3,88.7,21.1,-1.47,0.438,-0.4,3.8,26,809,0.5,0,0,0
1.6,10,9.5,0.825,0.0943,0,0,0,0.5,24.3,88.7,21.1,-1.68,0.516,-0.4,3.8,26,809,0.5,0,0,0
1.65,10,9.6,0.842,0.013,0,0,0,0.5,24.4,88.7,21.1,-1.86,0.555,-0.4,3.8,26,809,0.5,0,0,0
1.7,10,9.6,0.862,-0.0409,0,0,0,0.5,24.4,88.7,21.1,-2.03,0.587,-0.4,3.8,26,809,0.5,0,0,0
1.75,10,9.7,0.893,-0.133,0,0,0,0.5,24.5,88.6,21.1,-2.15,0.643,-0.4,3.8,26,809,0.5,0,0,0
1.8,10,9.7,0.947,-0.178,0,0,0,0.5,24.5,88.5,21.1,-2.2,0.699,-0.4,3.8,26,809,0.5,0,0,0
1.85,10,9.7,1.02,-0.143,0,0,0,0.5,24.5,88.4,21.1,-2.18,0.732,-0.4,3.8,26,809,0.5,0,0,0
1.9,10,9.7,1.09,-0.133,0,0,0,0.5,24.5,88.3,21.1,-2.15,0.775,-0.4,3.8,26,809,0.5,0,0,0
1.95,10,9.8,1.15,-0.209,0,0,0,0.5,24.5,88.2,21.1,-2.1,0.849,-0.4,3.8,26,809,0.5,0,0,0
2.0,10,9.9,1.22,-0.362,0,0,0,0.5,24.5,88.1,21.1,-2.03,0.952,-0.4,3.8,26,809,0.5,0,0,0
2.05,10,10.0,1.28,-0.411,0,0,0,0.5,24.5,88.0,21.1,-1.9,1.01,-0.4,3.8,26,809,0.5,0,0,0
2.1,10,10.2,1.35,-0.421,0,0,0,0.5,24.4,88.0,21.1,-1.74,1.05,-0.4,3.8,26,809,0.5,0,0,0
2.15,10,10.3,1.4,-0.452,0,0,0,0.5,24.4,87.9,21.1,-1.58,1.09,-0.4,3.8,26,809,0.5,0,0,0
2.2,10,10.4,1.44,-0.41,0,0,0,0.5,24.4,87.9,21.1,-1.42,1.09,-0.4,3.8,26,809,0.5,0,0,0
2.25,10,10.6,1.46,-0.437,0,0,0,0.5,24.4,87.8,21.1,-1.31,1.1,-0.4,3.8,26,809,0.5,0,0,0
2.3,10,10.7,1.48,-0.557,0,0,0,0.5,24.4,87.9,21.1,-1.22,1.15,-0.4,3.8,26,809,0.5,0,0,0
2.35,10,10.8,1.5,-0.695,0,0,0,0.5,24.3,87.9,21.1,-1.13,1.2,-0.4,3.8,26,809,0.5,0,0,0
2.4,10,11.0,1.52,-0.725,0,0,0,0.5,24.3,87.9,21.1,-1.01,1.22,-0.4,3.8,26,809,0.5,0,0,0
2.45,10,11.1,1.55,-0.652,0,0,0,0.5,24.2,87.8,21.1,-0.88,1.19,-0.4,3.8,26,809,0.5,0,0,0
2.5,10,11.3,1.58,-0.546,0,0,0,0.5,24.2,87.8,21.1,-0.739,1.14,-0.4,3.8,26,809,0.5,0,0,0
2.55,10,11.5,1.61,-0.425,0,0,0,0.5,24.1,87.8,21.1,-0.577,1.1,-0.4,3.8,26,809,0.5,0,0,0
2.6,10,11.7,1.65,-0.216,0,0,0,0.5,24.0,87.8,21.1,-0.383,1.03,-0.4,3.8,26,809,0.5,0,0,0
2.65,10,11.8,1.69,0.0204,0,0,0,0.5,23.9,87.7,21.1,-0.197,0.933,-0.4,3.8,26,809,0.5,0,0,0
2.7,10,12.1,1.71,0.272,0,0,0,0.5,23.9,87.8,21.1,-0.0395,0.819,-0.4,3.8,26,809,0.5,0,0,0
2.75,10,12.4,1.7,0.566,0,0,0,0.5,23.8,87.8,21.1,0.0775,0.67,-0.4,3.8,26,809,0.5,0,0,0
2.8,10,12.6,1.67,0.801,0,0,0,0.5,23.8,87.9,21.1,0.125,0.527,-0.4,3.8,26,809,0.5,0,0,0
2.85,10,12.8,1.62,0.943,0,0,0,0.5,23.8,88.1,21.1,0.108,0.413,-0.4,3.8,26,809,0.5,0,0,0
2.9,10,13.0,1.57,0.995,0,0,0,0.5,23.8,88.2,21.1,0.0322,0.334,-0.4,3.8,26,809,0.5,0,0,0
2.95,10,13.2,1.53,0.978,0,0,0,0.5,23.8,88.3,21.1,-0.0761,0.29,-0.4,3.8,26,809,0.5,0,0,0
3.0,10,13.3,1.49,0.918,0,0,0,0.5,23.8,88.4,21.1,-0.206,0.269,-0.4,3.8,26,809,0.5,0,0,0
3.05,10,13.4,1.46,0.811,0,0,0,0.5,23.8,88.5,21.1,-0.358,0.273,-0.4,3.8,26,809,0.5,0,0,0
3.1,10,13.6,1.43,0.641,0,0,0,0.5,23.8,88.6,21.1,-0.522,0.311,-0.4,3.8,26,809,0.5,0,0,0
3.15,10,13.7,1.42,0.46,0,0,0,0.5,23.8,88.7,21.1,-0.692,0.366,-0.4,3.8,26,809,0.5,0,0,0
3.2,10,13.8,1.42,0.317,0,0,0,0.5,23.8,88.7,21.1,-0.87,0.418,-0.4,3.8,26,809,0.5,0,0,0
3.25,10,14.0,1.44,0.219,0,0,0,0.5,23.8,88.7,21.1,-1.05,0.463,-0.4,3.8,26,809,0.5,0,0,0
3.3,10,14.2,1.47,0.18,0,0,0,0.5,23.9,88.6,21.1,-1.23,0.494,-0.4,3.8,26,809,0.5,0,0,0
3.35,10,14.3,1.51,0.157,0,0,0,0.5,23.9,88.6,21.1,-1.4,0.523,-0.4,3.8,26,809,0.5,0,0,0
3.4,10,14.4,1.54,0.0767,0,0,0,0.5,24.0,88.6,21.1,-1.58,0.574,-0.4,3.8,26,809,0.5,0,0,0
3.45,10,14.5,1.57,-0.0592,0,0,0,0.5,24.1,88.5,21.1,-1.77,0.648,-0.4,3.8,26,809,0.5,0,0,0
3.5,10,14.5,1.61,-0.135,0,0,0,0.5,24.1,88.5,21.1,-1.94,0.699,-0.4,3.8,26,809,0.5,0,0,0
3.55,10,14.6,1.64,-0.107,0,0,0,0.5,24.2,88.4,21.1,-2.09,0.706,-0.4,3.8,26,809,0.5,0,0,0
3.6,10,14.6,1.67,-0.0696,0,0,0,0.5,24.2,88.4,21.1,-2.23,0.7,-0.4,3.8,26,809,0.5,0,0,0
3.65,10,14.6,1.69,-0.133,0,0,0,0.5,24.2,88.4,21.1,-2.33,0.729,-0.4,3.8,26,809,0.5,0,0,0
3.7,10,14.5,1.71,-0.223,0,0,0,0.5,24.2,88.4,21.1,-2.36,0.772,-0.4,3.8,26,809,0.5,0,0,0
3.75,10,14.5,1.75,-0.232,0,0,0,0.5,24.1,88.4,21.1,-2.32,0.792,-0.4,3.8,26,809,0.5,0,0,0
3.8,10,14.5,1.8,-0.0603,0,0,0,0.5,24.1,88.3,21.1,-2.2,0.746,-0.4,3.8,26,809,0.5,0,0,0
3.85,10,14.5,1.84,-0.274,0,0,0,0.5,24.0,88.2,21.1,-2.06,0.856,-0.4,3.8,26,809,0.5,0,0,0
3.9,10,14.6,1.92,-0.259,0,0,0,0.5,23.8,88.1,21.1,-1.76,0.902,-0.4,3.8,26,809,0.5,0,0,0
3.95,10,14.8,2.02,-0.108,0,0,0,0.5,23.7,87.9,21.1,-1.41,0.897,-0.4,3.8,26,809,0.5,0,0,0
4.0,10,14.9,2.09,0.063,0,0,0,0.5,23.6,87.8,21.1,-1.09,0.868,-0.4,3.8,26,809,0.5,0,0,0
4.05,10,15.1,2.15,0.138,0,0,0,0.5,23.6,87.8,21.1,-0.827,0.858,-0.4,3.8,26,809,0.5,0,0,0
4.1,10,15.2,2.19,0.234,0,0,0,0.5,23.5,87.7,21.1,-0.59,0.83,-0.4,3.8,26,809,0.5,0,0,0
4.15,10,15.4,2.22,0.394,0,0,0,0.5,23.5,87.7,21.1,-0.38,0.767,-0.4,3.8,26,809,0.5,0,0,0
4.2,10,15.6,2.23,0.483,0,0,0,0.5,23.4,87.8,21.1,-0.212,0.72,-0.4,3.8,26,809,0.5,0,0,0
4.25,10,15.7,2.23,0.516,0,0,0,0.5,23.4,87.8,21.1,-0.0657,0.686,-0.4,3.8,26,809,0.5,0,0,0
4.3,10,15.7,2.22,0.555,0,0,0,0.5,23.3,87.9,21.1,0.0701,0.65,-0.4,3.8,26,809,0.5,0,0,0
4.35,10,15.8,2.22,0.538,0,0,0,0.5,23.3,87.9,21.1,0.189,0.635,-0.4,3.8,26,809,0.5,0,0,0
4.4,10,16.0,2.22,0.524,0,0,0,0.5,23.3,88.0,21.1,0.289,0.618,-0.4,3.8,26,809,0.5,0,0,0
4.45,10,16.0,2.21,0.549,0,0,0,0.5,23.2,88.0,21.1,0.351,0.583,-0.4,3.8,26,809,0.5,0,0,0
4.5,10,16.1,2.19,0.63,0,0,0,0.5,23.2,88.1,21.1,0.375,0.522,-0.4,3.8,26,809,0.5,0,0,0
4.55,10,16.2,2.17,0.75,0,0,0,0.5,23.1,88.2,21.1,0.358,0.441,-0.4,3.8,26,809,0.5,0,0,0
4.6,10,16.3,2.15,0.818,0,0,0,0.5,23.1,88.2,21.1,0.289,0.376,-0.4,3.8,26,809,0.5,0,0,0
4.65,10,16.4,2.13,0.883,0,0,0,0.5,23.1,88.3,21.1,0.189,0.317,-0.4,3.8,26,809,0.5,0,0,0
4.7,10,16.6,2.11,0.984,0,0,0,0.5,23.1,88.4,21.1,0.0689,0.25,-0.4,3.8,26,809,0.5,0,0,0
4.75,10,16.7,2.09,1.05,0,0,0,0.5,23.1,88.5,21.1,-0.0891,0.197,-0.4,3.8,26,809,0.5,0,0,0
4.8,10,16.9,2.07,1.07,0,0,0,0.5,23.1,88.5,21.1,-0.287,0.159,-0.4,3.8,26,809,0.5,0,0,0
4.85,10,17.0,2.04,1.11,0,0,0,0.5,23.1,88.6,21.1,-0.517,0.105,-0.4,3.8,26,809,0.5,0,0,0
4.9,10,17.0,2.0,1.2,0,0,0,0.5,23.1,88.7,21.1,-0.762,0.025,-0.4,3.8,26,809,0.5,0,0,0
4.95,10,17.2,1.95,1.27,0,0,0,0.5,23.2,88.9,21.1,-1.01,-0.0535,-0.4,3.8,26,809,0.5,0,0,0
5.0,10,17.2,1.9,1.25,0,0,0,0.5,23.3,89.0,21.1,-1.27,-0.0962,-0.4,3.8,26,809,0.5,0,0,0
5.05,10,17.3,1.85,1.1,0,0,0,0.5,23.3,89.1,21.1,-1.53,-0.0849,-0.4,3.8,26,809,0.5,0,0,0
5.1,10,17.2,1.81,0.966,0,0,0,0.5,23.4,89.2,21.1,-1.79,-0.069,-0.4,3.8,26,809,0.5,0,0,0
5.15,10,17.2,1.78,0.82,0,0,0,0.5,23.4,89.3,21.1,-2.04,-0.0387,-0.4,3.8,26,809,0.5,0,0,0
5.2,10,17.0,1.77,0.739,0,0,0,0.5,23.5,89.3,21.1,-2.22,-0.0206,-0.4,3.8,26,809,0.5,0,0,0
5.25,10,17.0,1.77,0.788,0,0,0,0.5,23.5,89.3,21.1,-2.33,-0.0428,-0.4,3.8,26,809,0.5,0,0,0
5.3,10,17.0,1.78,0.603,0,0,0,0.5,23.4,89.3,21.1,-2.37,0.0337,-0.4,3.8,26,809,0.5,0,0,0
5.35,10,17.0,1.81,0.404,0,0,0,0.5,23.4,89.3,21.1,-2.32,0.135,-0.4,3.8,26,809,0.5,0,0,0
5.4,10,17.2,1.85,0.319,0,0,0,0.5,23.4,89.2,21.1,-2.25,0.202,-0.4,3.8,26,809,0.5,0,0,0
5.45,10,17.3,1.9,0.258,0,0,0,0.5,23.5,89.1,21.1,-2.17,0.26,-0.4,3.8,26,809,0.5,0,0,0
5.5,10,17.4,1.95,0.0967,0,0,0,0.5,23.5,89.0,21.1,-2.09,0.358,-0.4,3.8,26,809,0.5,0,0,0
5.55,10,17.5,2.0,-0.00324,0,0,0,0.5,23.5,88.9,21.1,-1.98,0.434,-0.4,3.8,26,809,0.5,0,0,0
5.6,10,17.6,2.04,0.0148,0,0,0,0.5,23.5,88.9,21.1,-1.87,0.451,-0.4,3.8,26,809,0.5,0,0,0
5.65,10,17.6,2.06,0.0725,0,0,0,0.5,23.5,88.9,21.1,-1.73,0.435,-0.4,3.8,26,809,0.5,0,0,0
5.7,10,17.8,2.06,0.0197,0,0,0,0.5,23.6,88.9,21.1,-1.67,0.441,-0.4,3.8,26,809,0.5,0,0,0
5.75,10,17.9,2.04,0.319,0,0,0,0.5,23.5,89.0,21.1,-1.6,0.298,-0.4,3.8,26,809,0.5,0,0,0
5.8,10,17.9,2.02,0.789,0,0,0,0.5,23.5,89.0,21.1,-1.53,0.072,-0.4,3.8,26,809,0.5,0,0,0
5.85,10,17.9,1.96,1.25,0,0,0,0.5,23.4,89.2,21.1,-1.52,-0.167,-0.4,3.8,26,809,0.5,0,0,0
5.9,10,18.0,1.89,1.61,0,0,0,0.5,23.3,89.3,21.1,-1.56,-0.38,-0.4,3.8,26,809,0.5,0,0,0
5.95,10,18.0,1.81,1.2,0,0,0,0.5,23.3,89.5,21.1,-1.61,-0.283,-0.4,3.8,26,809,0.5,0,0,0
6.0,10,18.2,1.79,0.825,0,0,0,0.5,23.3,89.5,21.1,-1.53,-0.15,-0.4,3.8,26,809,0.5,0,0,0
6.05,10,18.4,1.81,0.688,0,0,0,0.5,23.2,89.5,21.1,-1.39,-0.0805,-0.4,3.8,26,809,0.5,0,0,0
6.1,10,18.6,1.83,0.668,0,0,0,0.5,23.1,89.5,21.1,-1.25,-0.0597,-0.4,3.8,26,809,0.5,0,0,0
6.15,10,18.7,1.83,0.669,0,0,0,0.5,23.1,89.5,21.1,-1.15,-0.0607,-0.4,3.8,26,809,0.5,0,0,0
6.2,10,18.8,1.83,0.671,0,0,0,0.5,23.1,89.5,21.1,-1.09,-0.0709,-0.4,3.8,26,809,0.5,0,0,0
6.25,10,19.0,1.82,0.735,0,0,0,0.5,23.0,89.5,21.1,-1.03,-0.108,-0.4,3.8,26,809,0.5,0,0,0
6.3,10,19.1,1.81,0.78,0,0,0,0.5,23.0,89.6,21.1,-0.994,-0.139,-0.4,3.8,26,809,0.5,0,0,0
6.35,10,19.2,1.8,0.834,0,0,0,0.5,23.0,89.6,21.1,-0.935,-0.17,-0.4,3.8,26,809,0.5,0,0,0
6.4,10,19.3,1.8,1.05,0,0,0,0.5,23.0,89.6,21.1,-0.844,-0.261,-0.4,3.8,26,809,0.5,0,0,0
6.45,10,19.4,1.78,1.22,0,0,0,0.5,23.0,89.6,21.1,-0.762,-0.346,-0.4,3.8,26,809,0.5,0,0,0
6.5,10,19.4,1.76,1.19,0,0,0,0.5,23.0,89.7,21.1,-0.694,-0.358,-0.4,3.8,26,809,0.5,0,0,0
6.55,10,19.4,1.72,1.07,0,0,0,0.5,23.0,89.8,21.1,-0.609,-0.339,-0.4,3.8,26,809,0.5,0,0,0
6.6,10,19.4,1.69,0.894,0,0,0,0.5,23.0,89.8,21.1,-0.51,-0.297,-0.4,3.8,26,809,0.5,0,0,0
6.65,10,19.4,1.66,0.752,0,0,0,0.5,23.0,89.9,21.1,-0.395,-0.267,-0.4,3.8,26,809,0.5,0,0,0
6.7,10,19.3,1.63,0.637,0,0,0,0.5,23.0,90.0,21.1,-0.282,-0.246,-0.4,3.8,26,809,0.5,0,0,0
6.75,10,19.2,1.6,0.544,0,0,0,0.5,22.9,90.0,21.1,-0.174,-0.229,-0.4,3.8,26,809,0.5,0,0,0
6.8,10,19.1,1.58,0.671,0,0,0,0.5,22.9,90.1,21.1,-0.0731,-0.292,-0.4,3.8,26,809,0.5,0,0,0
6.85,10,19.1,1.57,0.935,0,0,0,0.5,22.9,90.1,21.1,-0.0277,-0.413,-0.4,3.8,26,809,0.5,0,0,0
6.9,10,19.1,1.54,1.12,0,0,0,0.5,22.9,90.1,21.1,-0.0497,-0.509,-0.4,3.8,26,809,0.5,0,0,0
6.95,10,19.1,1.51,1.24,0,0,0,0.5,22.9,90.2,21.1,-0.117,-0.576,-0.4,3.8,26,809,0.5,0,0,0
7.0,10,19.1,1.48,1.35,0,0,0,0.5,23.0,90.3,21.1,-0.212,-0.646,-0.4,3.8,26,809,0.5,0,0,0
7.05,10,19.1,1.44,1.33,0,0,0,0.5,23.0,90.3,21.1,-0.34,-0.673,-0.4,3.8,26,809,0.5,0,0,0
7.1,10,19.1,1.39,1.22,0,0,0,0.5,23.1,90.4,21.1,-0.497,-0.665,-0.4,3.8,26,809,0.5,0,0,0
7.15,10,19.1,1.34,1.02,0,0,0,0.5,23.2,90.5,21.1,-0.675,-0.622,-0.4,3.8,26,809,0.5,0,0,0
7.2,10,19.1,1.3,0.746,0,0,0,0.5,23.2,90.6,21.1,-0.833,-0.54,-0.4,3.8,26,809,0.5,0,0,0
7.25,10,19.0,1.29,0.493,0,0,0,0.5,23.3,90.6,21.1,-0.94,-0.444,-0.4,3.8,26,809,0.5,0,0,0
7.3,10,18.8,1.29,0.298,0,0,0,0.5,23.3,90.6,21.1,-0.984,-0.354,-0.4,3.8,26,809,0.5,0,0,0
7.35,10,18.7,1.31,0.0896,0,0,0,0.5,23.2,90.5,21.1,-0.969,-0.25,-0.4,3.8,26,809,0.5,0,0,0
7.4,10,18.7,1.33,0.0436,0,0,0,0.5,23.2,90.5,21.1,-0.892,-0.209,-0.4,3.8,26,809,0.5,0,0,0
7.45,10,18.7,1.34,0.0943,0,0,0,0.5,23.2,90.4,21.1,-0.801,-0.217,-0.4,3.8,26,809,0.5,0,0,0
7.5,10,18.6,1.34,0.164,0,0,0,0.5,23.1,90.4,21.1,-0.717,-0.243,-0.4,3.8,26,809,0.5,0,0,0
7.55,10,18.6,1.34,0.284,0,0,0,0.5,23.1,90.4,21.1,-0.644,-0.292,-0.4,3.8,26,809,0.5,0,0,0
7.6,10,18.6,1.33,0.465,0,0,0,0.5,23.0,90.4,21.1,-0.587,-0.365,-0.4,3.8,26,809,0.5,0,0,0
7.65,10,18.7,1.32,0.616,0,0,0,0.5,23.0,90.5,21.1,-0.556,-0.431,-0.4,3.8,26,809,0.5,0,0,0
7.7,10,18.8,1.3,0.642,0,0,0,0.5,23.0,90.5,21.1,-0.554,-0.456,-0.4,3.8,26,809,0.5,0,0,0
7.75,10,19.0,1.27,0.545,0,0,0,0.5,23.0,90.5,21.1,-0.561,-0.437,-0.4,3.8,26,809,0.5,0,0,0
7.8,10,19.0,1.24,0.541,0,0,0,0.5,23.0,90.6,21.1,-0.55,-0.453,-0.4,3.8,26,809,0.5,0,0,0
7.85,10,19.1,1.21,0.748,0,0,0,0.5,23.0,90.6,21.1,-0.54,-0.555,-0.4,3.8,26,809,0.5,0,0,0
7.9,10,19.2,1.17,0.891,0,0,0,0.5,23.1,90.7,21.1,-0.587,-0.648,-0.4,3.8,26,809,0.5,0,0,0
7.95,10,19.3,1.11,0.886,0,0,0,0.5,23.2,90.8,21.1,-0.667,-0.69,-0.4,3.8,26,809,0.5,0,0,0
8.0,10,19.4,1.06,0.78,0,0,0,0.5,23.3,90.9,21.1,-0.751,-0.685,-0.4,3.8,26,809,0.5,0,0,0
8.05,10,19.4,1.01,0.482,0,0,0,0.5,23.4,91.0,21.1,-0.845,-0.596,-0.4,3.8,26,809,0.5,0,0,0
8.1,10,19.3,0.981,0.123,0,0,0,0.5,23.4,91.0,21.1,-0.905,-0.463,-0.4,3.8,26,809,0.5,0,0,0
8.15,10,19.3,0.976,-0.0847,0,0,0,0.5,23.4,91.0,21.1,-0.925,-0.373,-0.4,3.8,26,809,0.5,0,0,0
8.2,10,19.2,0.984,-0.121,0,0,0,0.5,23.5,91.0,21.1,-0.934,-0.344,-0.4,3.8,26,809,0.5,0,0,0
8.25,10,19.2,0.994,-0.0551,0,0,0,0.5,23.5,90.9,21.1,-0.951,-0.355,-0.4,3.8,26,809,0.5,0,0,0
8.3,10,19.2,1.01,0.0308,0,0,0,0.5,23.5,90.9,21.1,-0.982,-0.371,-0.4,3.8,26,809,0.5,0,0,0
8.35,10,19.2,1.03,0.198,0,0,0,0.5,23.5,90.8,21.1,-1.01,-0.417,-0.4,3.8,26,809,0.5,0,0,0
8.4,10,19.2,1.05,0.482,0,0,0,0.5,23.5,90.8,21.1,-1.05,-0.511,-0.4,3.8,26,809,0.5,0,0,0
8.45,10,19.2,1.05,0.66,0,0,0,0.5,23.5,90.7,21.1,-1.12,-0.576,-0.4,3.8,26,809,0.5,0,0,0
8.5,10,19.2,1.04,0.706,0,0,0,0.5,23.5,90.8,21.1,-1.2,-0.601,-0.4,3.8,26,809,0.5,0,0,0
8.55,10,19.3,1.02,0.666,0,0,0,0.5,23.6,90.8,21.1,-1.28,-0.599,-0.4,3.8,26,809,0.5,0,0,0
8.6,10,19.3,0.982,0.5,0,0,0,0.5,23.7,90.8,21.1,-1.38,-0.553,-0.4,3.8,26,809,0.5,0,0,0
8.65,10,19.3,0.951,0.289,0,0,0,0.5,23.7,90.9,21.1,-1.45,-0.485,-0.4,3.8,26,809,0.5,0,0,0
8.7,10,19.3,0.933,0.108,0,0,0,0.5,23.7,90.9,21.1,-1.47,-0.416,-0.4,3.8,26,809,0.5,0,0,0
8.75,10,19.2,0.934,0.241,0,0,0,0.5,23.7,90.9,21.1,-1.42,-0.463,-0.4,3.8,26,809,0.5,0,0,0
8.8,10,19.1,0.922,0.417,0,0,0,0.5,23.7,90.9,21.1,-1.35,-0.539,-0.4,3.8,26,809,0.5,0,0,0
8.85,10,19.1,0.893,0.562,0,0,0,0.5,23.6,90.9,21.1,-1.3,-0.615,-0.4,3.8,26,809,0.5,0,0,0
8.9,10,19.0,0.853,0.659,0,0,0,0.5,23.6,91.0,21.1,-1.26,-0.679,-0.4,3.8,26,809,0.5,0,0,0
8.95,10,19.0,0.815,0.752,0,0,0,0.5,23.5,91.0,21.1,-1.23,-0.739,-0.4,3.8,26,809,0.5,0,0,0
9.0,10,19.0,0.776,0.835,0,0,0,0.5,23.5,91.1,21.1,-1.19,-0.795,-0.4,3.8,26,809,0.5,0,0,0
9.05,10,19.1,0.737,0.511,0,0,0,0.5,23.5,91.2,21.1,-1.16,-0.681,-0.4,3.8,26,809,0.5,0,0,0
9.1,10,19.2,0.743,0.35,0,0,0,0.5,23.5,91.1,21.1,-1.06,-0.598,-0.4,3.8,26,809,0.5,0,0,0
9.15,10,19.3,0.775,0.277,0,0,0,0.5,23.4,91.0,21.1,-0.925,-0.533,-0.4,3.8,26,809,0.5,0,0,0
9.2,10,19.4,0.812,0.207,0,0,0,0.5,23.4,90.9,21.1,-0.779,-0.465,-0.4,3.8,26,809,0.5,0,0,0
9.25,10,19.6,0.847,0.189,0,0,0,0.5,23.4,90.8,21.1,-0.63,-0.422,-0.4,3.8,26,809,0.5,0,0,0
9.3,10,19.7,0.869,0.29,0,0,0,0.5,23.4,90.8,21.1,-0.507,-0.44,-0.4,3.8,26,809,0.5,0,0,0
9.35,10,19.8,0.866,0.499,0,0,0,0.5,23.4,90.8,21.1,-0.438,-0.524,-0.4,3.8,26,809,0.5,0,0,0
9.4,10,19.9,0.834,0.701,0,0,0,0.5,23.4,90.8,21.1,-0.42,-0.627,-0.4,3.8,26,809,0.5,0,0,0
9.45,10,19.9,0.786,0.735,0,0,0,0.5,23.4,90.9,21.1,-0.424,-0.673,-0.4,3.8,26,809,0.5,0,0,0
9.5,10,19.9,0.747,0.782,0,0,0,0.5,23.4,91.0,21.1,-0.395,-0.714,-0.4,3.8,26,809,0.5,0,0,0
9.55,10,19.8,0.719,0.821,0,0,0,0.5,23.4,91.0,21.1,-0.339,-0.744,-0.4,3.8,26,809,0.5,0,0,0
9.6,10,19.8,0.698,0.764,0,0,0,0.5,23.3,91.0,21.1,-0.263,-0.728,-0.4,3.8,26,809,0.5,0,0,0
9.65,10,19.7,0.687,0.704,0,0,0,0.5,23.3,91.0,21.1,-0.156,-0.702,-0.4,3.8,26,809,0.5,0,0,0
9.7,10,19.7,0.687,0.692,0,0,0,0.5,23.2,91.0,21.1,-0.0222,-0.687,-0.4,3.8,26,809,0.5,0,0,0
9.75,10,19.7,0.691,0.694,0,0,0,0.5,23.2,91.0,21.1,0.12,-0.674,-0.4,3.8,26,809,0.5,0,0,0
9.8,10,19.7,0.7,0.706,0,0,0,0.5,23.1,90.9,21.1,0.268,-0.662,-0.4,3.8,26,809,0.5,0,0,0
9.85,10,19.7,0.714,0.854,0,0,0,0.5,23.1,90.9,21.1,0.422,-0.702,-0.4,3.8,26,809,0.5,0,0,0
9.9,10,19.8,0.719,1.18,0,0,0,0.5,23.0,90.9,21.1,0.552,-0.824,-0.4,3.8,26,809,0.5,0,0,0
9.95,10,19.8,0.7,1.52,0,0,0,0.5,23.0,90.9,21.1,0.615,-0.967,-0.4,3.8,26,809,0.5,0,0,0
10.0,10,19.9,0.659,1.68,0,0,0,0.5,23.0,91.0,21.1,0.614,-1.06,-0.4,3.8,26,809,0.5,0,0,0
10.1,10,20.0,0.603,1.62,0,0,0,0.5,23.1,91.1,21.1,0.57,-1.08,-0.4,3.8,26,809,0.5,0,0,0
10.1,10,20.0,0.546,1.46,0,0,0,0.5,23.1,91.1,21.1,0.513,-1.05,-0.4,3.8,26,809,0.5,0,0,0
10.2,10,20.0,0.492,1.23,0,0,0,0.5,23.2,91.2,21.1,0.445,-0.995,-0.4,3.8,26,809,0.5,0,0,0
10.2,10,19.9,0.443,1.01,0,0,0,0.5,23.2,91.3,21.1,0.369,-0.937,-0.4,3.8,26,809,0.5,0,0,0
10.3,10,19.9,0.396,0.849,0,0,0,0.5,23.3,91.4,21.1,0.274,-0.903,-0.4,3.8,26,809,0.5,0,0,0
10.3,10,19.9,0.346,0.662,0,0,0,0.5,23.4,91.4,21.1,0.141,-0.858,-0.4,3.8,26,809,0.5,0,0,0
10.4,10,19.8,0.3,0.408,0,0,0,0.5,23.4,91.5,21.1,-0.0207,-0.782,-0.4,3.8,26,809,0.5,0,0,0
10.4,10,19.8,0.27,0.121,0,0,0,0.5,23.5,91.5,21.1,-0.182,-0.676,-0.4,3.8,26,809,0.5,0,0,0
10.5,10,19.7,0.272,0.142,0,0,0,0.5,23.5,91.5,21.1,-0.309,-0.672,-0.4,3.8,26,809,0.5,0,0,0
10.5,10,19.6,0.271,0.21,0,0,0,0.5,23.5,91.5,21.1,-0.45,-0.688,-0.4,3.8,26,809,0.5,0,0,0
10.6,10,19.6,0.27,0.3,0,0,0,0.5,23.5,91.4,21.1,-0.606,-0.716,-0.4,3.8,26,809,0.5,0,0,0
10.6,10,19.6,0.263,0.31,0,0,0,0.5,23.6,91.4,21.1,-0.783,-0.715,-0.4,3.8,26,809,0.5,0,0,0
10.7,10,19.6,0.258,0.245,0,0,0,0.5,23.6,91.4,21.1,-0.934,-0.681,-0.4,3.8,26,809,0.5,0,0,0
10.7,10,19.6,0.262,0.161,0,0,0,0.5,23.7,91.4,21.1,-1.03,-0.631,-0.4,3.8,26,809,0.5,0,0,0
10.8,10,19.6,0.273,0.156,0,0,0,0.5,23.7,91.3,21.1,-1.09,-0.61,-0.4,3.8,26,809,0.5,0,0,0
10.8,10,19.6,0.277,0.165,0,0,0,0.5,23.7,91.3,21.1,-1.14,-0.6,-0.4,3.8,26,809,0.5,0,0,0
10.9,10,19.6,0.276,0.139,0,0,0,0.5,23.7,91.3,21.1,-1.18,-0.579,-0.4,3.8,26,809,0.5,0,0,0
10.9,10,19.6,0.283,0.15,0,0,0,0.5,23.7,91.2,21.1,-1.19,-0.567,-0.4,3.8,26,809,0.5,0,0,0
11.0,10,19.6,0.303,0.388,0,0,0,0.5,23.7,91.2,21.1,-1.16,-0.64,-0.4,3.8,26,809,0.5,0,0,0
11.0,10,19.6,0.31,0.569,0,0,0,0.5,23.7,91.1,21.1,-1.12,-0.7,-0.4,3.8,26,809,0.5,0,0,0
11.1,10,19.4,0.303,0.678,0,0,0,0.5,23.7,91.1,21.1,-1.09,-0.742,-0.4,3.8,26,809,0.5,0,0,0
11.1,10,19.4,0.284,0.668,0,0,0,0.5,23.7,91.1,21.1,-1.07,-0.745,-0.4,3.8,26,809,0.5,0,0,0
11.2,10,19.6,0.262,0.382,0,0,0,0.5,23.7,91.1,21.1,-1.03,-0.632,-0.4,3.8,26,809,0.5,0,0,0
11.2,10,19.6,0.27,0.161,0,0,0,0.5,23.7,91.1,21.1,-0.938,-0.523,-0.4,3.8,26,809,0.5,0,0,0
11.3,10,19.6,0.304,0.0614,0,0,0,0.5,23.7,91.0,21.1,-0.793,-0.444,-0.4,3.8,26,809,0.5,0,0,0
11.3,10,19.6,0.348,0.0657,0,0,0,0.5,23.6,90.9,21.1,-0.638,-0.4,-0.4,3.8,26,809,0.5,0,0,0
11.4,10,19.6,0.393,0.23,0,0,0,0.5,23.6,90.8,21.1,-0.49,-0.425,-0.4,3.8,26,809,0.5,0,0,0
11.4,10,19.6,0.421,0.393,0,0,0,0.5,23.6,90.7,21.1,-0.386,-0.463,-0.4,3.8,26,809,0.5,0,0,0
11.5,10,19.7,0.435,0.513,0,0,0,0.5,23.6,90.7,21.1,-0.323,-0.496,-0.4,3.8,26,809,0.5,0,0,0
11.5,10,19.7,0.44,0.596,0,0,0,0.5,23.6,90.7,21.1,-0.301,-0.522,-0.4,3.8,26,809,0.5,0,0,0
11.6,10,19.7,0.431,0.484,0,0,0,0.5,23.7,90.7,21.1,-0.318,-0.478,-0.4,3.8,26,809,0.5,0,0,0
11.6,10,19.7,0.423,0.329,0,0,0,0.5,23.7,90.7,21.1,-0.345,-0.416,-0.4,3.8,26,809,0.5,0,0,0
11.7,10,19.7,0.419,0.195,0,0,0,0.5,23.8,90.7,21.1,-0.396,-0.358,-0.4,3.8,26,809,0.5,0,0,0
11.7,10,19.7,0.423,0.0976,0,0,0,0.5,23.8,90.6,21.1,-0.439,-0.309,-0.4,3.8,26,809,0.5,0,0,0
11.8,10,19.7,0.436,0.051,0,0,0,0.5,23.8,90.6,21.1,-0.476,-0.274,-0.4,3.8,26,809,0.5,0,0,0
11.8,10,19.7,0.453,0.0954,0,0,0,0.5,23.8,90.6,21.1,-0.511,-0.273,-0.4,3.8,26,809,0.5,0,0,0
11.9,10,19.6,0.466,0.184,0,0,0,0.5,23.8,90.5,21.1,-0.552,-0.295,-0.4,3.8,26,809,0.5,0,0,0
11.9,10,19.6,0.475,0.202,0,0,0,0.5,23.8,90.5,21.1,-0.643,-0.291,-0.4,3.8,26,809,0.5,0,0,0
12.0,10,19.6,0.487,0.196,0,0,0,0.5,23.9,90.5,21.1,-0.728,-0.274,-0.4,3.8,26,809,0.5,0,0,0
12.0,10,19.6,0.504,0.245,0,0,0,0.5,23.9,90.4,21.1,-0.797,-0.277,-0.4,3.8,26,809,0.5,0,0,0
12.1,10,19.6,0.523,0.324,0,0,0,0.5,23.9,90.4,21.1,-0.858,-0.29,-0.4,3.8,26,809,0.5,0,0,0
12.1,10,19.4,0.543,0.309,0,0,0,0.5,23.9,90.3,21.1,-0.91,-0.263,-0.4,3.8,26,809,0.5,0,0,0
12.2,10,19.4,0.573,0.23,0,0,0,0.5,23.9,90.3,21.1,-0.936,-0.202,-0.4,3.8,26,809,0.5,0,0,0
12.2,10,19.3,0.616,0.265,0,0,0,0.5,23.9,90.2,21.1,-0.921,-0.178,-0.4,3.8,26,809,0.5,0,0,0
12.3,10,19.3,0.655,0.29,0,0,0,0.5,23.9,90.1,21.1,-0.898,-0.155,-0.4,3.8,26,809,0.5,0,0,0
12.3,10,19.3,0.682,0.32,0,0,0,0.5,23.8,90.0,21.1,-0.87,-0.145,-0.4,3.8,26,809,0.5,0,0,0
12.4,10,19.3,0.7,0.367,0,0,0,0.5,23.8,90.0,21.1,-0.829,-0.149,-0.4,3.8,26,809,0.5,0,0,0
12.4,10,19.3,0.721,0.459,0,0,0,0.5,23.8,89.9,21.1,-0.755,-0.17,-0.4,3.8,26,809,0.5,0,0,0
12.5,10,19.3,0.742,0.575,0,0,0,0.5,23.8,89.9,21.1,-0.656,-0.201,-0.4,3.8,26,809,0.5,0,0,0
12.5,10,19.3,0.752,0.547,0,0,0,0.5,23.8,89.9,21.1,-0.57,-0.182,-0.4,3.8,26,809,0.5,0,0,0
12.6,10,19.3,0.755,0.419,0,0,0,0.5,23.8,89.9,21.1,-0.488,-0.128,-0.4,3.8,26,809,0.5,0,0,0
12.6,10,19.3,0.755,0.289,0,0,0,0.5,23.8,89.9,21.1,-0.405,-0.0747,-0.4,3.8,26,809,0.5,0,0,0
12.7,10,19.3,0.756,0.1,0,0,0,0.5,23.7,89.9,21.1,-0.321,0.00482,-0.4,3.8,26,809,0.5,0,0,0
12.7,10,19.3,0.773,-0.024,0,0,0,0.5,23.7,89.9,21.1,-0.218,0.0698,-0.4,3.8,26,809,0.5,0,0,0
12.8,10,19.2,0.806,0.132,0,0,0,0.5,23.7,89.8,21.1,-0.105,0.0313,-0.4,3.8,26,809,0.5,0,0,0
12.8,10,19.3,0.836,0.403,0,0,0,0.5,23.7,89.7,21.1,-0.0297,-0.0585,-0.4,3.8,26,809,0.5,0,0,0
12.9,10,19.3,0.859,0.65,0,0,0,0.5,23.6,89.7,21.1,-0.00106,-0.144,-0.4,3.8,26,809,0.5,0,0,0
12.9,10,19.4,0.88,0.841,0,0,0,0.5,23.6,89.7,21.1,-0.0152,-0.208,-0.4,3.8,26,809,0.5,0,0,0
13.0,10,19.4,0.898,0.972,0,0,0,0.5,23.6,89.6,21.1,-0.0606,-0.25,-0.4,3.8,26,809,0.5,0,0,0
13.0,10,19.4,0.909,1.1,0,0,0,0.5,23.6,89.6,21.1,-0.131,-0.298,-0.4,3.8,26,809,0.5,0,0,0
13.1,10,19.6,0.902,1.18,0,0,0,0.5,23.6,89.6,21.1,-0.233,-0.341,-0.4,3.8,26,809,0.5,0,0,0
13.1,10,19.7,0.873,1.12,0,0,0,0.5,23.6,89.7,21.1,-0.366,-0.345,-0.4,3.8,26,809,0.5,0,0,0
13.2,10,19.7,0.832,1.01,0,0,0,0.5,23.7,89.8,21.1,-0.518,-0.335,-0.4,3.8,26,809,0.5,0,0,0
13.2,10,19.7,0.784,0.893,0,0,0,0.5,23.7,89.9,21.1,-0.686,-0.33,-0.4,3.8,26,809,0.5,0,0,0
13.3,10,19.7,0.733,0.745,0,0,0,0.5,23.7,90.0,21.1,-0.863,-0.313,-0.4,3.8,26,809,0.5,0,0,0
13.3,10,19.7,0.684,0.639,0,0,0,0.5,23.8,90.1,21.1,-1.04,-0.309,-0.4,3.8,26,809,0.5,0,0,0
13.4,10,19.7,0.641,0.498,0,0,0,0.5,23.8,90.2,21.1,-1.22,-0.285,-0.4,3.8,26,809,0.5,0,0,0
13.4,10,19.7,0.613,0.331,0,0,0,0.5,23.9,90.2,21.1,-1.39,-0.237,-0.4,3.8,26,809,0.5,0,0,0
13.5,10,19.6,0.604,0.154,0,0,0,0.5,23.9,90.2,21.1,-1.54,-0.167,-0.4,3.8,26,809,0.5,0,0,0
13.5,10,19.6,0.617,-0.0325,0,0,0,0.5,23.9,90.2,21.1,-1.64,-0.0743,-0.4,3.8,26,809,0.5,0,0,0
13.6,10,19.6,0.656,-0.0595,0,0,0,0.5,23.9,90.1,21.1,-1.67,-0.0283,-0.4,3.8,26,809,0.5,0,0,0
13.6,10,19.6,0.704,-0.047,0,0,0,0.5,23.9,90.0,21.1,-1.66,0.00823,-0.4,3.8,26,809,0.5,0,0,0
13.7,10,19.7,0.756,-0.0825,0,0,0,0.5,23.9,89.9,21.1,-1.62,0.0676,-0.4,3.8,26,809,0.5,0,0,0
13.7,10,19.7,0.812,-0.0912,0,0,0,0.5,24.0,89.8,21.1,-1.54,0.117,-0.4,3.8,26,809,0.5,0,0,0
13.8,10,19.7,0.86,-0.0728,0,0,0,0.5,24.0,89.7,21.1,-1.47,0.146,-0.4,3.8,26,809,0.5,0,0,0
13.8,10,19.7,0.891,-0.0545,0,0,0,0.5,24.0,89.7,21.1,-1.43,0.162,-0.4,3.8,26,809,0.5,0,0,0
13.9,10,19.8,0.908,0.0153,0,0,0,0.5,24.0,89.6,21.1,-1.39,0.143,-0.4,3.8,26,809,0.5,0,0,0
13.9,10,19.8,0.908,0.12,0,0,0,0.5,24.1,89.7,21.1,-1.38,0.0949,-0.4,3.8,26,809,0.5,0,0,0
14.0,10,19.8,0.89,0.18,0,0,0,0.5,24.1,89.7,21.1,-1.41,0.0511,-0.4,3.8,26,809,0.5,0,0,0
14.0,10,19.8,0.86,0.237,0,0,0,0.5,24.1,89.8,21.1,-1.46,-0.00196,-0.4,3.8,26,809,0.5,0,0,0
14.1,10,19.8,0.817,0.13,0,0,0,0.5,24.2,89.9,21.1,-1.55,0.00543,-0.4,3.8,26,809,0.5,0,0,0
14.1,10,19.8,0.784,-0.108,0,0,0,0.5,24.2,89.9,21.1,-1.64,0.0792,-0.4,3.8,26,809,0.5,0,0,0
14.2,10,19.8,0.783,0.000949,0,0,0,0.5,24.2,89.9,21.1,-1.68,0.0319,-0.4,3.8,26,809,0.5,0,0,0
14.2,10,19.8,0.781,0.0834,0,0,0,0.5,24.2,89.9,21.1,-1.72,-0.0046,-0.4,3.8,26,809,0.5,0,0,0
14.3,10,19.8,0.78,-0.135,0,0,0,0.5,24.1,89.9,21.1,-1.74,0.0896,-0.4,3.8,26,809,0.5,0,0,0
14.3,10,19.8,0.826,-0.129,0,0,0,0.5,24.1,89.8,21.1,-1.62,0.126,-0.4,3.8,26,809,0.5,0,0,0
14.4,10,19.9,0.89,0.00443,0,0,0,0.5,24.0,89.7,21.1,-1.43,0.122,-0.4,3.8,26,809,0.5,0,0,0
14.4,10,19.9,0.949,0.167,0,0,0,0.5,23.9,89.6,21.1,-1.23,0.0992,-0.4,3.8,26,809,0.5,0,0,0
14.5,10,20.0,0.996,0.358,0,0,0,0.5,23.8,89.5,21.1,-1.05,0.054,-0.4,3.8,26,809,0.5,0,0,0
14.5,10,20.2,1.02,0.539,0,0,0,0.5,23.8,89.5,21.1,-0.893,-0.0038,-0.4,3.8,26,809,0.5,0,0,0
14.6,10,20.3,1.03,0.553,0,0,0,0.5,23.8,89.5,21.1,-0.78,-0.00993,-0.4,3.8,26,809,0.5,0,0,0
14.6,10,20.3,1.03,0.37,0,0,0,0.5,23.7,89.5,21.1,-0.668,0.0626,-0.4,3.8,26,809,0.5,0,0,0
14.7,10,20.4,1.05,0.201,0,0,0,0.5,23.7,89.5,21.1,-0.52,0.143,-0.4,3.8,26,809,0.5,0,0,0
14.7,10,20.4,1.08,0.248,0,0,0,0.5,23.6,89.4,21.1,-0.348,0.144,-0.4,3.8,26,809,0.5,0,0,0
14.8,10,20.4,1.1,0.372,0,0,0,0.5,23.6,89.4,21.1,-0.2,0.105,-0.4,3.8,26,809,0.5,0,0,0
14.8,10,20.4,1.1,0.462,0,0,0,0.5,23.6,89.4,21.1,-0.079,0.0661,-0.4,3.8,26,809,0.5,0,0,0
14.9,10,20.5,1.1,0.511,0,0,0,0.5,23.6,89.4,21.1,0.0299,0.0388,-0.4,3.8,26,809,0.5,0,0,0
14.9,10,20.6,1.1,0.473,0,0,0,0.5,23.5,89.4,21.1,0.132,0.0469,-0.4,3.8,26,809,0.5,0,0,0
15.0,10,20.6,1.1,0.468,0,0,0,0.5,23.5,89.4,21.1,0.251,0.0477,-0.4,3.8,26,809,0.5,0,0,0
15.0,10,20.8,1.11,0.538,0,0,0,0.5,23.5,89.4,21.1,0.366,0.0181,-0.4,3.8,26,809,0.5,0,0,0
15.1,10,20.8,1.11,0.656,0,0,0,0.5,23.5,89.4,21.1,0.447,-0.0379,-0.4,3.8,26,809,0.5,0,0,0
15.1,10,20.8,1.09,0.661,0,0,0,0.5,23.5,89.5,21.1,0.469,-0.0587,-0.4,3.8,26,809,0.5,0,0,0
15.2,10,20.8,1.07,0.565,0,0,0,0.5,23.5,89.5,21.1,0.448,-0.0414,-0.4,3.8,26,809,0.5,0,0,0
15.2,10,20.8,1.05,0.561,0,0,0,0.5,23.4,89.6,21.1,0.393,-0.0582,-0.4,3.8,26,809,0.5,0,0,0
15.3,10,20.6,1.04,0.757,0,0,0,0.5,23.4,89.6,21.1,0.297,-0.154,-0.4,3.8,26,809,0.5,0,0,0
15.3,10,20.6,1.02,1.01,0,0,0,0.5,23.4,89.7,21.1,0.159,-0.275,-0.4,3.8,26,809,0.5,0,0,0
15.4,10,20.6,0.994,1.25,0,0,0,0.5,23.4,89.7,21.1,-0.00918,-0.396,-0.4,3.8,26,809,0.5,0,0,0
15.4,10,20.6,0.961,1.42,0,0,0,0.5,23.4,89.8,21.1,-0.202,-0.498,-0.4,3.8,26,809,0.5,0,0,0
15.5,10,20.6,0.916,1.44,0,0,0,0.5,23.5,89.9,21.1,-0.426,-0.546,-0.4,3.8,26,809,0.5,0,0,0
15.5,10,20.6,0.864,1.28,0,0,0,0.5,23.5,90.0,21.1,-0.677,-0.525,-0.4,3.8,26,809,0.5,0,0,0
15.6,10,20.6,0.817,0.912,0,0,0,0.5,23.6,90.1,21.1,-0.931,-0.41,-0.4,3.8,26,809,0.5,0,0,0
15.6,10,20.6,0.795,0.498,0,0,0,0.5,23.6,90.1,21.1,-1.13,-0.254,-0.4,3.8,26,809,0.5,0,0,0
15.7,10,20.5,0.807,0.174,0,0,0,0.5,23.5,90.1,21.1,-1.24,-0.107,-0.4,3.8,26,809,0.5,0,0,0
15.7,10,20.5,0.854,0.0323,0,0,0,0.5,23.5,90.0,21.1,-1.22,-0.00778,-0.4,3.8,26,809,0.5,0,0,0
15.8,10,20.5,0.921,0.0482,0,0,0,0.5,23.4,89.9,21.1,-1.11,0.0411,-0.4,3.8,26,809,0.5,0,0,0
15.8,10,20.5,0.997,0.276,0,0,0,0.5,23.3,89.7,21.1,-0.941,0.00761,-0.4,3.8,26,809,0.5,0,0,0
15.9,10,20.5,1.06,0.53,0,0,0,0.5,23.3,89.6,21.1,-0.795,-0.0519,-0.4,3.8,26,809,0.5,0,0,0
15.9,10,20.6,1.09,0.72,0,0,0,0.5,23.3,89.5,21.1,-0.687,-0.104,-0.4,3.8,26,809,0.5,0,0,0
16.0,10,20.8,1.11,0.864,0,0,0,0.5,23.3,89.5,21.1,-0.619,-0.157,-0.4,3.8,26,809,0.5,0,0,0
16.0,10,20.8,1.1,0.906,0,0,0,0.5,23.3,89.5,21.1,-0.595,-0.184,-0.4,3.8,26,809,0.5,0,0,0
16.1,10,20.9,1.08,0.89,0,0,0,0.5,23.3,89.6,21.1,-0.595,-0.196,-0.4,3.8,26,809,0.5,0,0,0
16.1,10,21.0,1.06,0.834,0,0,0,0.5,23.3,89.6,21.1,-0.606,-0.192,-0.4,3.8,26,809,0.5,0,0,0
16.2,10,21.0,1.04,0.699,0,0,0,0.5,23.3,89.7,21.1,-0.613,-0.154,-0.4,3.8,26,809,0.5,0,0,0
16.2,10,21.0,1.04,0.693,0,0,0,0.5,23.3,89.7,21.1,-0.597,-0.16,-0.4,3.8,26,809,0.5,0,0,0
16.3,10,21.0,1.03,0.743,0,0,0,0.5,23.4,89.7,21.1,-0.594,-0.191,-0.4,3.8,26,809,0.5,0,0,0
16.3,10,21.1,1.01,0.659,0,0,0,0.5,23.4,89.8,21.1,-0.633,-0.177,-0.4,3.8,26,809,0.5,0,0,0
16.4,10,21.1,0.987,0.486,0,0,0,0.5,23.4,89.8,21.1,-0.674,-0.123,-0.4,3.8,26,809,0.5,0,0,0
16.4,10,21.1,0.982,0.347,0,0,0,0.5,23.4,89.8,21.1,-0.686,-0.0712,-0.4,3.8,26,809,0.5,0,0,0
16.5,10,21.1,0.992,0.344,0,0,0,0.5,23.4,89.8,21.1,-0.67,-0.0633,-0.4,3.8,26,809,0.5,0,0,0
16.5,10,21.1,1.01,0.442,0,0,0,0.5,23.4,89.8,21.1,-0.658,-0.0937,-0.4,3.8,26,809,0.5,0,0,0
16.6,10,21.1,1.02,0.513,0,0,0,0.5,23.4,89.8,21.1,-0.672,-0.113,-0.4,3.8,26,809,0.5,0,0,0
16.6,10,21.1,1.04,0.511,0,0,0,0.5,23.4,89.7,21.1,-0.704,-0.098,-0.4,3.8,26,809,0.5,0,0,0
16.7,10,21.1,1.07,0.47,0,0,0,0.5,23.4,89.7,21.1,-0.74,-0.0604,-0.4,3.8,26,809,0.5,0,0,0
16.7,10,21.1,1.1,0.516,0,0,0,0.5,23.3,89.6,21.1,-0.769,-0.0532,-0.4,3.8,26,809,0.5,0,0,0
16.8,10,21.2,1.13,0.687,0,0,0,0.5,23.3,89.6,21.1,-0.809,-0.103,-0.4,3.8,26,809,0.5,0,0,0
16.8,10,21.2,1.14,0.96,0,0,0,0.5,23.3,89.6,21.1,-0.883,-0.211,-0.4,3.8,26,809,0.5,0,0,0
16.9,10,21.4,1.13,1.13,0,0,0,0.5,23.4,89.6,21.1,-0.998,-0.298,-0.4,3.8,26,809,0.5,0,0,0
16.9,10,21.4,1.09,1.12,0,0,0,0.5,23.4,89.7,21.1,-1.12,-0.327,-0.4,3.8,26,809,0.5,0,0,0
17.0,10,21.4,1.06,1.04,0,0,0,0.5,23.4,89.7,21.1,-1.22,-0.323,-0.4,3.8,26,809,0.5,0,0,0
17.0,10,21.4,1.03,0.864,0,0,0,0.5,23.5,89.8,21.1,-1.29,-0.273,-0.4,3.8,26,809,0.5,0,0,0
17.1,10,21.4,1.02,0.631,0,0,0,0.5,23.5,89.8,21.1,-1.34,-0.193,-0.4,3.8,26,809,0.5,0,0,0
17.1,10,21.2,1.01,0.297,0,0,0,0.5,23.5,89.9,21.1,-1.35,-0.0625,-0.4,3.8,26,809,0.5,0,0,0
17.2,10,21.2,1.02,0.0399,0,0,0,0.5,23.4,89.8,21.1,-1.28,0.054,-0.4,3.8,26,809,0.5,0,0,0
17.2,10,21.1,1.06,-0.00235,0,0,0,0.5,23.4,89.8,21.1,-1.15,0.0987,-0.4,3.8,26,809,0.5,0,0,0
17.3,10,21.1,1.1,0.0981,0,0,0,0.5,23.3,89.7,21.1,-0.998,0.092,-0.4,3.8,26,809,0.5,0,0,0
17.3,10,21.1,1.14,0.273,0,0,0,0.5,23.3,89.6,21.1,-0.861,0.0539,-0.4,3.8,26,809,0.5,0,0,0
17.4,10,21.1,1.18,0.483,0,0,0,0.5,23.2,89.5,21.1,-0.756,-0.00323,-0.4,3.8,26,809,0.5,0,0,0
17.4,10,21.1,1.21,0.615,0,0,0,0.5,23.2,89.5,21.1,-0.688,-0.0371,-0.4,3.8,26,809,0.5,0,0,0
17.5,10,21.2,1.24,0.711,0,0,0,0.5,23.2,89.4,21.1,-0.633,-0.0592,-0.4,3.8,26,809,0.5,0,0,0
17.5,10,21.2,1.26,0.791,0,0,0,0.5,23.3,89.4,21.1,-0.585,-0.0767,-0.4,3.8,26,809,0.5,0,0,0
17.6,10,21.2,1.29,0.848,0,0,0,0.5,23.3,89.4,21.1,-0.553,-0.0881,-0.4,3.8,26,809,0.5,0,0,0
17.6,10,21.2,1.3,0.865,0,0,0,0.5,23.3,89.4,21.1,-0.553,-0.0902,-0.4,3.8,26,809,0.5,0,0,0
17.7,10,21.2,1.31,0.81,0,0,0,0.5,23.3,89.4,21.1,-0.568,-0.068,-0.4,3.8,26,809,0.5,0,0,0
17.7,10,21.2,1.31,0.752,0,0,0,0.5,23.3,89.4,21.1,-0.583,-0.0457,-0.4,3.8,26,809,0.5,0,0,0
17.8,10,21.1,1.32,0.792,0,0,0,0.5,23.3,89.4,21.1,-0.595,-0.061,-0.4,3.8,26,809,0.5,0,0,0
17.8,10,21.0,1.33,0.842,0,0,0,0.5,23.2,89.4,21.1,-0.612,-0.078,-0.4,3.8,26,809,0.5,0,0,0
17.9,10,21.0,1.35,0.816,0,0,0,0.5,23.2,89.3,21.1,-0.616,-0.0567,-0.4,3.8,26,809,0.5,0,0,0
17.9,10,20.9,1.38,0.874,0,0,0,0.5,23.1,89.3,21.1,-0.581,-0.0562,-0.4,3.8,26,809,0.5,0,0,0
18.0,10,20.9,1.43,1.06,0,0,0,0.5,23.1,89.2,21.1,-0.521,-0.0992,-0.4,3.8,26,809,0.5,0,0,0
18.0,10,20.8,1.47,1.25,0,0,0,0.5,23.0,89.1,21.1,-0.487,-0.148,-0.4,3.8,26,809,0.5,0,0,0
18.1,10,20.8,1.5,1.36,0,0,0,0.5,23.0,89.1,21.1,-0.517,-0.178,-0.4,3.8,26,809,0.5,0,0,0
18.1,10,20.8,1.51,1.38,0,0,0,0.5,22.9,89.1,21.1,-0.6,-0.184,-0.4,3.8,26,809,0.5,0,0,0
18.2,10,20.8,1.53,1.47,0,0,0,0.5,22.9,89.1,21.1,-0.686,-0.214,-0.4,3.8,26,809,0.5,0,0,0
18.2,10,20.9,1.55,1.68,0,0,0,0.5,22.9,89.0,21.1,-0.774,-0.29,-0.4,3.8,26,809,0.5,0,0,0
18.3,10,20.9,1.55,1.88,0,0,0,0.5,22.9,89.1,21.1,-0.881,-0.374,-0.4,3.8,26,809,0.5,0,0,0
18.3,10,21.0,1.55,2.05,0,0,0,0.5,22.9,89.1,21.1,-1.02,-0.456,-0.4,3.8,26,809,0.5,0,0,0
18.4,10,21.0,1.52,2.08,0,0,0,0.5,23.0,89.2,21.1,-1.19,-0.502,-0.4,3.8,26,809,0.5,0,0,0
18.4,10,21.1,1.48,1.92,0,0,0,0.5,23.1,89.3,21.1,-1.38,-0.478,-0.4,3.8,26,809,0.5,0,0,0
18.5,10,21.1,1.44,1.58,0,0,0,0.5,23.1,89.4,21.1,-1.58,-0.381,-0.4,3.8,26,809,0.5,0,0,0
18.5,10,21.1,1.41,1.25,0,0,0,0.5,23.2,89.4,21.1,-1.76,-0.272,-0.4,3.8,26,809,0.5,0,0,0
18.6,10,21.0,1.39,0.975,0,0,0,0.5,23.3,89.5,21.1,-1.93,-0.178,-0.4,3.8,26,809,0.5,0,0,0
18.6,10,21.0,1.39,0.724,0,0,0,0.5,23.3,89.5,21.1,-2.1,-0.0856,-0.4,3.8,26,809,0.5,0,0,0
18.7,10,20.9,1.4,0.457,0,0,0,0.5,23.4,89.5,21.1,-2.27,0.0268,-0.4,3.8,26,809,0.5,0,0,0
18.7,10,20.9,1.43,0.274,0,0,0,0.5,23.4,89.4,21.1,-2.4,0.126,-0.4,3.8,26,809,0.5,0,0,0
18.8,10,20.9,1.49,0.329,0,0,0,0.5,23.4,89.3,21.1,-2.49,0.146,-0.4,3.8,26,809,0.5,0,0,0
18.8,10,20.9,1.55,0.455,0,0,0,0.5,23.4,89.2,21.1,-2.56,0.138,-0.4,3.8,26,809,0.5,0,0,0
18.9,10,20.9,1.6,0.531,0,0,0,0.5,23.5,89.1,21.1,-2.62,0.141,-0.4,3.8,26,809,0.5,0,0,0
18.9,10,20.9,1.64,0.73,0,0,0,0.5,23.5,89.1,21.1,-2.69,0.0839,-0.4,3.8,26,809,0.5,0,0,0
19.0,10,21.0,1.65,0.934,0,0,0,0.5,23.6,89.1,21.1,-2.78,0.00387,-0.4,3.8,26,809,0.5,0,0,0
19.0,10,21.0,1.65,1.07,0,0,0,0.5,23.6,89.1,21.1,-2.9,-0.0641,-0.4,3.8,26,809,0.5,0,0,0
19.1,10,21.0,1.63,1.03,0,0,0,0.5,23.7,89.1,21.1,-3.04,-0.0752,-0.4,3.8,26,809,0.5,0,0,0
19.1,10,21.0,1.6,0.756,0,0,0,0.5,23.8,89.2,21.1,-3.16,0.0157,-0.4,3.8,26,809,0.5,0,0,0
19.2,10,20.9,1.61,0.393,0,0,0,0.5,23.7,89.2,21.1,-3.18,0.165,-0.4,3.8,26,809,0.5,0,0,0
19.2,10,20.8,1.65,0.105,0,0,0,0.5,23.7,89.1,21.1,-3.04,0.312,-0.4,3.8,26,809,0.5,0,0,0
19.3,10,20.6,1.72,0.714,0,0,0,0.5,23.6,89.0,21.1,-2.77,0.112,-0.4,3.8,26,809,0.5,0,0,0
19.3,10,20.6,1.73,1.08,0,0,0,0.5,23.5,89.0,21.1,-2.63,-0.0422,-0.4,3.8,26,809,0.5,0,0,0
19.4,10,20.8,1.7,1.31,0,0,0,0.5,23.5,89.1,21.1,-2.53,-0.168,-0.4,3.8,26,809,0.5,0,0,0
19.4,10,20.9,1.67,1.51,0,0,0,0.5,23.4,89.2,21.1,-2.41,-0.282,-0.4,3.8,26,809,0.5,0,0,0
19.5,10,20.9,1.63,0.887,0,0,0,0.5,23.4,89.3,21.1,-2.25,-0.0594,-0.4,3.8,26,809,0.5,0,0,0
19.5,10,21.0,1.68,0.597,0,0,0,0.5,23.3,89.2,21.1,-1.95,0.0919,-0.4,3.8,26,809,0.5,0,0,0
19.6,10,21.1,1.76,0.415,0,0,0,0.5,23.2,89.0,21.1,-1.65,0.221,-0.4,3.8,26,809,0.5,0,0,0
19.6,10,21.1,1.84,0.381,0,0,0,0.5,23.2,88.9,21.1,-1.36,0.294,-0.4,3.8,26,809,0.5,0,0,0
19.7,10,21.2,1.91,0.419,0,0,0,0.5,23.1,88.8,21.1,-1.13,0.321,-0.4,3.8,26,809,0.5,0,0,0
19.7,10,21.4,1.95,0.541,0,0,0,0.5,23.1,88.7,21.1,-0.953,0.297,-0.4,3.8,26,809,0.5,0,0,0
19.8,10,21.5,1.97,0.753,0,0,0,0.5,23.1,88.7,21.1,-0.833,0.214,-0.4,3.8,26,809,0.5,0,0,0
19.8,10,21.6,1.96,0.926,0,0,0,0.5,23.0,88.8,21.1,-0.779,0.123,-0.4,3.8,26,809,0.5,0,0,0
19.9,10,21.6,1.93,1.05,0,0,0,0.5,23.0,88.9,21.1,-0.767,0.0352,-0.4,3.8,26,809,0.5,0,0,0
19.9,10,21.6,1.89,1.13,0,0,0,0.5,23.0,89.0,21.1,-0.776,-0.0392,-0.4,3.8,26,809,0.5,0,0,0
20.0,10,21.6,1.84,0.978,0,0,0,0.5,23.0,89.1,21.1,-0.797,-0.0175,-0.4,3.8,26,809,0.5,0,0,0
20.0,10,21.6,1.82,0.763,0,0,0,0.5,23.0,89.1,21.1,-0.782,0.041,-0.4,3.8,26,809,0.5,0,0,0
20.1,10,21.6,1.81,0.589,0,0,0,0.5,23.0,89.2,21.1,-0.733,0.0938,-0.4,3.8,26,809,0.5,0,0,0
20.1,10,21.6,1.8,0.461,0,0,0,0.5,22.9,89.2,21.1,-0.662,0.133,-0.4,3.8,26,809,0.5,0,0,0
20.2,10,21.6,1.79,0.523,0,0,0,0.5,22.9,89.2,21.1,-0.57,0.0978,-0.4,3.8,26,809,0.5,0,0,0
20.2,10,21.5,1.78,0.731,0,0,0,0.5,22.8,89.3,21.1,-0.492,-0.000802,-0.4,3.8,26,809,0.5,0,0,0
20.3,10,21.5,1.76,0.969,0,0,0,0.5,22.8,89.3,21.1,-0.448,-0.12,-0.4,3.8,26,809,0.5,0,0,0
20.3,10,21.5,1.73,1.21,0,0,0,0.5,22.7,89.4,21.1,-0.437,-0.246,-0.4,3.8,26,809,0.5,0,0,0
20.4,10,21.6,1.69,1.39,0,0,0,0.5,22.7,89.5,21.1,-0.458,-0.357,-0.4,3.8,26,809,0.5,0,0,0
20.4,10,21.6,1.64,1.43,0,0,0,0.5,22.8,89.6,21.1,-0.501,-0.414,-0.4,3.8,26,809,0.5,0,0,0
20.5,10,21.6,1.6,1.5,0,0,0,0.5,22.8,89.7,21.1,-0.535,-0.48,-0.4,3.8,26,809,0.5,0,0,0
20.5,10,21.5,1.55,1.63,0,0,0,0.5,22.8,89.8,21.1,-0.572,-0.569,-0.4,3.8,26,809,0.5,0,0,0
20.6,10,21.5,1.51,1.62,0,0,0,0.5,22.8,89.9,21.1,-0.632,-0.602,-0.4,3.8,26,809,0.5,0,0,0
20.6,10,21.4,1.46,1.44,0,0,0,0.5,22.8,90.0,21.1,-0.689,-0.57,-0.4,3.8,26,809,0.5,0,0,0
20.7,10,21.2,1.43,1.21,0,0,0,0.5,22.8,90.1,21.1,-0.706,-0.504,-0.4,3.8,26,809,0.5,0,0,0
20.7,10,21.1,1.42,0.954,0,0,0,0.5,22.8,90.1,21.1,-0.652,-0.401,-0.4,3.8,26,809,0.5,0,0,0
20.8,10,20.9,1.45,0.844,0,0,0,0.5,22.8,90.0,21.1,-0.505,-0.331,-0.4,3.8,26,809,0.5,0,0,0
20.8,10,20.8,1.49,0.775,0,0,0,0.5,22.8,89.9,21.1,-0.327,-0.273,-0.4,3.8,26,809,0.5,0,0,0
20.9,10,20.6,1.53,0.794,0,0,0,0.5,22.7,89.8,21.1,-0.152,-0.255,-0.4,3.8,26,809,0.5,0,0,0
20.9,10,20.6,1.54,0.911,0,0,0,0.5,22.7,89.8,21.1,-0.0203,-0.291,-0.4,3.8,26,809,0.5,0,0,0
21.0,10,20.5,1.53,0.95,0,0,0,0.5,22.7,89.8,21.1,0.0453,-0.314,-0.4,3.8,26,809,0.5,0,0,0
21.0,10,20.5,1.51,0.977,0,0,0,0.5,22.7,89.9,21.1,0.0567,-0.342,-0.4,3.8,26,809,0.5,0,0,0
21.1,10,20.5,1.49,1.09,0,0,0,0.5,22.7,89.9,21.1,0.0168,-0.407,-0.4,3.8,26,809,0.5,0,0,0
21.1,10,20.5,1.46,1.23,0,0,0,0.5,22.7,90.0,21.1,-0.0618,-0.485,-0.4,3.8,26,809,0.5,0,0,0
21.2,10,20.5,1.43,1.28,0,0,0,0.5,22.7,90.1,21.1,-0.166,-0.532,-0.4,3.8,26,809,0.5,0,0,0
21.2,10,20.5,1.4,1.26,0,0,0,0.5,22.7,90.1,21.1,-0.275,-0.549,-0.4,3.8,26,809,0.5,0,0,0
21.3,10,20.4,1.37,1.21,0,0,0,0.5,22.8,90.2,21.1,-0.372,-0.552,-0.4,3.8,26,809,0.5,0,0,0
21.3,10,20.4,1.35,1.26,0,0,0,0.5,22.8,90.2,21.1,-0.467,-0.591,-0.4,3.8,26,809,0.5,0,0,0
21.4,10,20.4,1.31,1.31,0,0,0,0.5,22.9,90.3,21.1,-0.593,-0.635,-0.4,3.8,26,809,0.5,0,0,0
21.4,10,20.4,1.27,1.21,0,0,0,0.5,22.9,90.4,21.1,-0.747,-0.63,-0.4,3.8,26,809,0.5,0,0,0
21.5,10,20.4,1.23,1.05,0,0,0,0.5,23.0,90.4,21.1,-0.881,-0.595,-0.4,3.8,26,809,0.5,0,0,0
21.5,10,20.3,1.21,0.885,0,0,0,0.5,23.0,90.5,21.1,-0.966,-0.543,-0.4,3.8,26,809,0.5,0,0,0
21.6,10,20.3,1.2,0.638,0,0,0,0.5,23.0,90.5,21.1,-1.01,-0.447,-0.4,3.8,26,809,0.5,0,0,0
21.6,10,20.2,1.2,0.47,0,0,0,0.5,23.0,90.5,21.1,-1.0,-0.369,-0.4,3.8,26,809,0.5,0,0,0
21.7,10,20.0,1.22,0.501,0,0,0,0.5,22.9,90.4,21.1,-0.978,-0.365,-0.4,3.8,26,809,0.5,0,0,0
21.7,10,20.0,1.23,0.642,0,0,0,0.5,22.9,90.4,21.1,-0.977,-0.411,-0.4,3.8,26,809,0.5,0,0,0
21.8,10,20.0,1.23,0.81,0,0,0,0.5,22.9,90.4,21.1,-1.02,-0.479,-0.4,3.8,26,809,0.5,0,0,0
21.8,10,20.0,1.21,0.949,0,0,0,0.5,22.9,90.4,21.1,-1.11,-0.546,-0.4,3.8,26,809,0.5,0,0,0
21.9,10,20.2,1.19,1.08,0,0,0,0.5,23.0,90.5,21.1,-1.21,-0.619,-0.4,3.8,26,809,0.5,0,0,0
21.9,10,20.2,1.15,1.24,0,0,0,0.5,23.1,90.5,21.1,-1.33,-0.713,-0.4,3.8,26,809,0.5,0,0,0
22.0,10,20.2,1.09,1.3,0,0,0,0.5,23.2,90.6,21.1,-1.47,-0.781,-0.4,3.8,26,809,0.5,0,0,0
22.0,10,20.2,1.03,1.32,0,0,0,0.5,23.2,90.7,21.1,-1.6,-0.831,-0.4,3.8,26,809,0.5,0,0,0
22.1,10,20.0,0.998,1.56,0,0,0,0.5,23.2,90.8,21.1,-1.62,-0.949,-0.4,3.8,26,809,0.5,0,0,0
22.1,10,19.9,0.958,1.82,0,0,0,0.5,23.2,90.9,21.1,-1.64,-1.08,-0.4,3.8,26,809,0.5,0,0,0
22.2,10,19.7,0.906,1.98,0,0,0,0.5,23.3,90.9,21.1,-1.69,-1.18,-0.4,3.8,26,809,0.5,0,0,0
22.2,10,19.6,0.843,2.06,0,0,0,0.5,23.3,91.0,21.1,-1.77,-1.26,-0.4,3.8,26,809,0.5,0,0,0
22.3,10,19.6,0.776,2.07,0,0,0,0.5,23.3,91.2,21.1,-1.88,-1.31,-0.4,3.8,26,809,0.5,0,0,0
22.3,10,19.4,0.708,2.0,0,0,0,0.5,23.3,91.3,21.1,-2.01,-1.33,-0.4,3.8,26,809,0.5,0,0,0
22.4,10,19.4,0.644,1.76,0,0,0,0.5,23.3,91.4,21.1,-2.17,-1.27,-0.4,3.8,26,809,0.5,0,0,0
22.4,10,19.4,0.599,1.35,0,0,0,0.5,23.4,91.4,21.1,-2.35,-1.13,-0.4,3.8,26,809,0.5,0,0,0
22.5,10,19.6,0.597,1.01,0,0,0,0.5,23.5,91.4,21.1,-2.48,-0.989,-0.4,3.8,26,809,0.5,0,0,0
22.5,10,19.6,0.627,0.906,0,0,0,0.5,23.6,91.3,21.1,-2.57,-0.91,-0.4,3.8,26,809,0.5,0,0,0
22.6,10,19.6,0.674,0.995,0,0,0,0.5,23.5,91.2,21.1,-2.57,-0.898,-0.4,3.8,26,809,0.5,0,0,0
22.6,10,19.4,0.71,1.15,0,0,0,0.5,23.5,91.1,21.1,-2.57,-0.923,-0.4,3.8,26,809,0.5,0,0,0
22.7,10,19.6,0.729,1.36,0,0,0,0.5,23.5,91.0,21.1,-2.58,-0.986,-0.4,3.8,26,809,0.5,0,0,0
22.7,10,19.6,0.73,1.58,0,0,0,0.5,23.5,91.0,21.1,-2.6,-1.06,-0.4,3.8,26,809,0.5,0,0,0
22.8,10,19.7,0.713,1.77,0,0,0,0.5,23.5,91.0,21.1,-2.62,-1.15,-0.4,3.8,26,809,0.5,0,0,0
22.8,10,19.7,0.684,1.95,0,0,0,0.5,23.5,91.1,21.1,-2.64,-1.24,-0.4,3.8,26,809,0.5,0,0,0
22.9,10,19.8,0.646,2.12,0,0,0,0.5,23.5,91.1,21.1,-2.65,-1.33,-0.4,3.8,26,809,0.5,0,0,0
22.9,10,19.8,0.599,2.21,0,0,0,0.5,23.5,91.2,21.1,-2.64,-1.4,-0.4,3.8,26,809,0.5,0,0,0
23.0,10,19.8,0.548,2.23,0,0,0,0.5,23.5,91.3,21.1,-2.62,-1.44,-0.4,3.8,26,809,0.5,0,0,0
23.0,10,19.8,0.497,2.13,0,0,0,0.5,23.5,91.4,21.1,-2.58,-1.43,-0.4,3.8,26,809,0.5,0,0,0
23.1,10,19.8,0.451,1.8,0,0,0,0.5,23.5,91.4,21.1,-2.53,-1.32,-0.4,3.8,26,809,0.5,0,0,0
23.1,10,19.9,0.422,1.08,0,0,0,0.5,23.5,91.4,21.1,-2.44,-1.03,-0.4,3.8,26,809,0.5,0,0,0
23.2,10,19.9,0.455,0.781,0,0,0,0.5,23.5,91.3,21.1,-2.28,-0.867,-0.4,3.8,26,809,0.5,0,0,0
23.2,10,20.0,0.515,0.795,0,0,0,0.5,23.5,91.2,21.1,-2.1,-0.813,-0.4,3.8,26,809,0.5,0,0,0
23.3,10,20.2,0.572,0.791,0,0,0,0.5,23.5,91.1,21.1,-1.96,-0.756,-0.4,3.8,26,809,0.5,0,0,0
23.3,10,20.2,0.623,0.7,0,0,0,0.5,23.5,90.9,21.1,-1.86,-0.669,-0.4,3.8,26,809,0.5,0,0,0
23.4,10,20.3,0.676,0.675,0,0,0,0.5,23.5,90.8,21.1,-1.76,-0.609,-0.4,3.8,26,809,0.5,0,0,0
23.4,10,20.3,0.726,0.869,0,0,0,0.5,23.6,90.7,21.1,-1.68,-0.644,-0.4,3.8,26,809,0.5,0,0,0
23.5,10,20.4,0.747,1.09,0,0,0,0.5,23.6,90.6,21.1,-1.66,-0.717,-0.4,3.8,26,809,0.5,0,0,0
23.5,10,20.4,0.745,1.33,0,0,0,0.5,23.7,90.6,21.1,-1.68,-0.815,-0.4,3.8,26,809,0.5,0,0,0
23.6,10,20.4,0.721,1.6,0,0,0,0.5,23.7,90.7,21.1,-1.75,-0.943,-0.4,3.8,26,809,0.5,0,0,0
23.6,10,20.3,0.677,1.74,0,0,0,0.5,23.8,90.8,21.1,-1.88,-1.04,-0.4,3.8,26,809,0.5,0,0,0
23.7,10,20.3,0.626,1.57,0,0,0,0.5,23.9,90.8,21.1,-2.03,-1.0,-0.4,3.8,26,809,0.5,0,0,0
23.7,10,20.2,0.596,1.3,0,0,0,0.5,23.9,90.9,21.1,-2.14,-0.907,-0.4,3.8,26,809,0.5,0,0,0
23.8,10,19.9,0.592,1.11,0,0,0,0.5,23.9,90.9,21.1,-2.19,-0.826,-0.4,3.8,26,809,0.5,0,0,0
23.8,10,19.8,0.593,0.92,0,0,0,0.5,23.9,90.8,21.1,-2.2,-0.736,-0.4,3.8,26,809,0.5,0,0,0
23.9,10,19.7,0.604,0.781,0,0,0,0.5,23.9,90.8,21.1,-2.18,-0.66,-0.4,3.8,26,809,0.5,0,0,0
23.9,10,19.6,0.63,0.729,0,0,0,0.5,23.8,90.7,21.1,-2.13,-0.608,-0.4,3.8,26,809,0.5,0,0,0
24.0,10,19.4,0.669,0.763,0,0,0,0.5,23.8,90.6,21.1,-2.04,-0.583,-0.4,3.8,26,809,0.5,0,0,0
24.0,10,19.4,0.712,0.841,0,0,0,0.5,23.8,90.5,21.1,-1.93,-0.574,-0.4,3.8,26,809,0.5,0,0,0
24.1,10,19.4,0.748,0.797,0,0,0,0.5,23.8,90.5,21.1,-1.83,-0.52,-0.4,3.8,26,809,0.5,0,0,0
24.1,10,19.4,0.783,0.666,0,0,0,0.5,23.7,90.4,21.1,-1.73,-0.432,-0.4,3.8,26,809,0.5,0,0,0
24.2,10,19.4,0.824,0.608,0,0,0,0.5,23.7,90.3,21.1,-1.59,-0.371,-0.4,3.8,26,809,0.5,0,0,0
24.2,10,19.6,0.862,0.49,0,0,0,0.5,23.7,90.2,21.1,-1.46,-0.288,-0.4,3.8,26,809,0.5,0,0,0
24.3,10,19.6,0.9,0.394,0,0,0,0.5,23.7,90.1,21.1,-1.32,-0.216,-0.4,3.8,26,809,0.5,0,0,0
24.3,10,19.6,0.931,0.369,0,0,0,0.5,23.7,90.1,21.1,-1.18,-0.18,-0.4,3.8,26,809,0.5,0,0,0
24.4,10,19.6,0.949,0.415,0,0,0,0.5,23.7,90.0,21.1,-1.06,-0.184,-0.4,3.8,26,809,0.5,0,0,0
24.4,10,19.6,0.955,0.498,0,0,0,0.5,23.7,90.0,21.1,-0.961,-0.214,-0.4,3.8,26,809,0.5,0,0,0
24.5,10,19.6,0.95,0.492,0,0,0,0.5,23.7,90.0,21.1,-0.884,-0.216,-0.4,3.8,26,809,0.5,0,0,0
24.5,10,19.4,0.946,0.377,0,0,0,0.5,23.7,90.0,21.1,-0.821,-0.172,-0.4,3.8,26,809,0.5,0,0,0
24.6,10,19.4,0.946,0.239,0,0,0,0.5,23.7,90.0,21.1,-0.775,-0.114,-0.4,3.8,26,809,0.5,0,0,0
24.6,10,19.4,0.953,0.162,0,0,0,0.5,23.7,90.0,21.1,-0.742,-0.0758,-0.4,3.8,26,809,0.5,0,0,0
24.7,10,19.4,0.958,0.101,0,0,0,0.5,23.7,90.0,21.1,-0.727,-0.0467,-0.4,3.8,26,809,0.5,0,0,0
24.7,10,19.4,0.963,0.188,0,0,0,0.5,23.7,90.0,21.1,-0.727,-0.0788,-0.4,3.8,26,809,0.5,0,0,0
24.8,10,19.4,0.965,0.393,0,0,0,0.5,23.7,90.0,21.1,-0.755,-0.162,-0.4,3.8,26,809,0.5,0,0,0
24.8,10,19.4,0.958,0.608,0,0,0,0.5,23.7,90.0,21.1,-0.817,-0.257,-0.4,3.8,26,809,0.5,0,0,0
24.9,10,19.6,0.94,0.833,0,0,0,0.5,23.7,90.1,21.1,-0.912,-0.367,-0.4,3.8,26,809,0.5,0,0,0
24.9,10,19.6,0.906,1.0,0,0,0,0.5,23.8,90.1,21.1,-1.04,-0.466,-0.4,3.8,26,809,0.5,0,0,0
25.0,10,19.7,0.86,1.05,0,0,0,0.5,23.8,90.2,21.1,-1.19,-0.525,-0.4,3.8,26,809,0.5,0,0,0
25.0,10,19.7,0.811,0.989,0,0,0,0.5,23.9,90.3,21.1,-1.33,-0.54,-0.4,3.8,26,809,0.5,0,0,0
25.1,10,19.7,0.766,0.741,0,0,0,0.5,24.0,90.4,21.1,-1.46,-0.471,-0.4,3.8,26,809,0.5,0,0,0
25.1,10,19.6,0.742,0.54,0,0,0,0.5,24.0,90.4,21.1,-1.56,-0.404,-0.4,3.8,26,809,0.5,0,0,0
25.2,10,19.6,0.735,0.402,0,0,0,0.5,24.0,90.4,21.1,-1.62,-0.348,-0.4,3.8,26,809,0.5,0,0,0
25.2,10,19.4,0.741,0.205,0,0,0,0.5,24.0,90.4,21.1,-1.65,-0.254,-0.4,3.8,26,809,0.5,0,0,0
25.3,10,19.3,0.768,0.0935,0,0,0,0.5,24.0,90.3,21.1,-1.62,-0.181,-0.4,3.8,26,809,0.5,0,0,0
25.3,10,19.2,0.814,0.348,0,0,0,0.5,24.0,90.2,21.1,-1.55,-0.247,-0.4,3.8,26,809,0.5,0,0,0
25.4,10,19.2,0.837,0.3,0,0,0,0.5,24.0,90.2,21.1,-1.52,-0.206,-0.4,3.8,26,809,0.5,0,0,0
25.4,10,19.1,0.869,0.232,0,0,0,0.5,24.0,90.1,21.1,-1.48,-0.148,-0.4,3.8,26,809,0.5,0,0,0
25.5,10,19.1,0.913,0.235,0,0,0,0.5,24.0,90.0,21.1,-1.43,-0.112,-0.4,3.8,26,809,0.5,0,0,0
25.5,10,19.1,0.948,0.257,0,0,0,0.5,24.1,90.0,21.1,-1.42,-0.0926,-0.4,3.8,26,809,0.5,0,0,0
25.6,10,19.2,0.967,0.167,0,0,0,0.5,24.1,89.9,21.1,-1.43,-0.0393,-0.4,3.8,26,809,0.5,0,0,0
25.6,10,19.1,0.984,-0.0232,0,0,0,0.5,24.2,89.9,21.1,-1.43,0.0555,-0.4,3.8,26,809,0.5,0,0,0
25.7,10,19.1,1.01,-0.134,0,0,0,0.5,24.2,89.8,21.1,-1.4,0.126,-0.4,3.8,26,809,0.5,0,0,0
25.7,10,19.1,1.05,-0.215,0,0,0,0.5,24.2,89.8,21.1,-1.36,0.189,-0.4,3.8,26,809,0.5,0,0,0
25.8,10,19.0,1.09,-0.145,0,0,0,0.5,24.2,89.7,21.1,-1.32,0.191,-0.4,3.8,26,809,0.5,0,0,0
25.8,10,18.8,1.12,0.0751,0,0,0,0.5,24.2,89.6,21.1,-1.25,0.122,-0.4,3.8,26,809,0.5,0,0,0
25.9,10,18.7,1.14,0.385,0,0,0,0.5,24.1,89.6,21.1,-1.22,0.000705,-0.4,3.8,26,809,0.5,0,0,0
25.9,10,18.7,1.14,0.691,0,0,0,0.5,24.1,89.6,21.1,-1.25,-0.133,-0.4,3.8,26,809,0.5,0,0,0
26.0,10,18.7,1.12,0.943,0,0,0,0.5,24.0,89.7,21.1,-1.32,-0.254,-0.4,3.8,26,809,0.5,0,0,0
26.0,10,18.7,1.1,1.12,0,0,0,0.5,24.0,89.7,21.1,-1.41,-0.347,-0.4,3.8,26,809,0.5,0,0,0
26.1,10,18.7,1.08,0.829,0,0,0,0.5,24.0,89.8,21.1,-1.5,-0.247,-0.4,3.8,26,809,0.5,0,0,0
26.1,10,18.8,1.1,0.639,0,0,0,0.5,23.9,89.7,21.1,-1.5,-0.146,-0.4,3.8,26,809,0.5,0,0,0
26.2,10,18.8,1.16,0.459,0,0,0,0.5,23.9,89.6,21.1,-1.44,-0.0266,-0.4,3.8,26,809,0.5,0,0,0
26.2,10,19.0,1.23,0.561,0,0,0,0.5,23.8,89.5,21.1,-1.32,-0.013,-0.4,3.8,26,809,0.5,0,0,0
26.3,10,19.1,1.28,0.764,0,0,0,0.5,23.8,89.4,21.1,-1.23,-0.0598,-0.4,3.8,26,809,0.5,0,0,0
26.3,10,19.2,1.31,0.879,0,0,0,0.5,23.8,89.3,21.1,-1.2,-0.0932,-0.4,3.8,26,809,0.5,0,0,0
26.4,10,19.2,1.31,0.973,0,0,0,0.5,23.7,89.4,21.1,-1.19,-0.135,-0.4,3.8,26,809,0.5,0,0,0
26.4,10,19.3,1.3,1.06,0,0,0,0.5,23.7,89.4,21.1,-1.2,-0.185,-0.4,3.8,26,809,0.5,0,0,0
26.5,10,19.3,1.28,1.1,0,0,0,0.5,23.7,89.4,21.1,-1.22,-0.22,-0.4,3.8,26,809,0.5,0,0,0
26.5,10,19.4,1.26,1.08,0,0,0,0.5,23.8,89.5,21.1,-1.23,-0.232,-0.4,3.8,26,809,0.5,0,0,0
26.6,10,19.4,1.25,0.983,0,0,0,0.5,23.8,89.5,21.1,-1.25,-0.208,-0.4,3.8,26,809,0.5,0,0,0
26.6,10,19.4,1.25,0.858,0,0,0,0.5,23.8,89.5,21.1,-1.24,-0.164,-0.4,3.8,26,809,0.5,0,0,0
26.7,10,19.4,1.25,0.74,0,0,0,0.5,23.8,89.5,21.1,-1.21,-0.116,-0.4,3.8,26,809,0.5,0,0,0
26.7,10,19.4,1.25,0.528,0,0,0,0.5,23.8,89.6,21.1,-1.18,-0.0331,-0.4,3.8,26,809,0.5,0,0,0
26.8,10,19.4,1.24,0.391,0,0,0,0.5,23.8,89.6,21.1,-1.14,0.0179,-0.4,3.8,26,809,0.5,0,0,0
26.8,10,19.3,1.24,0.459,0,0,0,0.5,23.8,89.6,21.1,-1.1,-0.0174,-0.4,3.8,26,809,0.5,0,0,0
26.9,10,19.3,1.23,0.552,0,0,0,0.5,23.8,89.6,21.1,-1.09,-0.071,-0.4,3.8,26,809,0.5,0,0,0
26.9,10,19.3,1.21,0.659,0,0,0,0.5,23.8,89.7,21.1,-1.1,-0.131,-0.4,3.8,26,809,0.5,0,0,0
27.0,10,19.3,1.2,0.728,0,0,0,0.5,23.9,89.7,21.1,-1.14,-0.175,-0.4,3.8,26,809,0.5,0,0,0
27.0,10,19.3,1.19,0.717,0,0,0,0.5,23.9,89.7,21.1,-1.2,-0.183,-0.4,3.8,26,809,0.5,0,0,0
27.1,10,19.3,1.18,0.67,0,0,0,0.5,24.0,89.7,21.1,-1.29,-0.174,-0.4,3.8,26,809,0.5,0,0,0
27.1,10,19.3,1.16,0.535,0,0,0,0.5,24.1,89.8,21.1,-1.42,-0.132,-0.4,3.8,26,809,0.5,0,0,0
27.2,10,19.3,1.15,0.314,0,0,0,0.5,24.1,89.8,21.1,-1.57,-0.0529,-0.4,3.8,26,809,0.5,0,0,0
27.2,10,19.3,1.14,0.183,0,0,0,0.5,24.2,89.8,21.1,-1.7,-0.00369,-0.4,3.8,26,809,0.5,0,0,0
27.3,10,19.3,1.14,0.072,0,0,0,0.5,24.3,89.8,21.1,-1.83,0.0415,-0.4,3.8,26,809,0.5,0,0,0
27.3,10,19.3,1.15,-0.034,0,0,0,0.5,24.3,89.8,21.1,-1.93,0.095,-0.4,3.8,26,809,0.5,0,0,0
27.4,10,19.2,1.18,0.176,0,0,0,0.5,24.3,89.8,21.1,-1.97,0.0288,-0.4,3.8,26,809,0.5,0,0,0
27.4,10,19.1,1.19,0.369,0,0,0,0.5,24.3,89.7,21.1,-2.04,-0.0478,-0.4,3.8,26,809,0.5,0,0,0
27.5,10,19.0,1.18,0.152,0,0,0,0.5,24.2,89.8,21.1,-2.17,0.0298,-0.4,3.8,26,809,0.5,0,0,0
27.5,10,19.0,1.18,-0.134,0,0,0,0.5,24.2,89.8,21.1,-2.23,0.156,-0.4,3.8,26,809,0.5,0,0,0
27.6,10,19.0,1.22,-0.342,0,0,0,0.5,24.2,89.7,21.1,-2.18,0.274,-0.4,3.8,26,809,0.5,0,0,0
27.6,10,19.1,1.28,-0.321,0,0,0,0.5,24.1,89.6,21.1,-2.05,0.309,-0.4,3.8,26,809,0.5,0,0,0
27.7,10,19.1,1.33,-0.225,0,0,0,0.5,24.1,89.5,21.1,-1.91,0.308,-0.4,3.8,26,809,0.5,0,0,0
27.7,10,19.2,1.37,-0.13,0,0,0,0.5,24.0,89.4,21.1,-1.75,0.301,-0.4,3.8,26,809,0.5,0,0,0
27.8,10,19.3,1.42,-0.00943,0,0,0,0.5,24.0,89.3,21.1,-1.58,0.282,-0.4,3.8,26,809,0.5,0,0,0
27.8,10,19.4,1.45,-0.00522,0,0,0,0.5,23.9,89.3,21.1,-1.43,0.306,-0.4,3.8,26,809,0.5,0,0,0
27.9,10,19.6,1.49,-0.0246,0,0,0,0.5,23.9,89.2,21.1,-1.26,0.338,-0.4,3.8,26,809,0.5,0,0,0
27.9,10,19.7,1.52,0.0718,0,0,0,0.5,23.9,89.2,21.1,-1.09,0.316,-0.4,3.8,26,809,0.5,0,0,0
28.0,10,19.8,1.53,0.199,0,0,0,0.5,24.0,89.2,21.1,-0.99,0.26,-0.4,3.8,26,809,0.5,0,0,0
28.0,10,19.9,1.51,0.206,0,0,0,0.5,24.0,89.2,21.1,-0.947,0.235,-0.4,3.8,26,809,0.5,0,0,0
28.1,10,20.0,1.49,0.138,0,0,0,0.5,24.0,89.3,21.1,-0.936,0.235,-0.4,3.8,26,809,0.5,0,0,0
28.1,10,20.0,1.46,0.0342,0,0,0,0.5,24.0,89.4,21.1,-0.947,0.254,-0.4,3.8,26,809,0.5,0,0,0
28.2,10,20.0,1.45,-0.00974,0,0,0,0.5,24.0,89.4,21.1,-0.965,0.257,-0.4,3.8,26,809,0.5,0,0,0
28.2,10,19.9,1.44,-0.0105,0,0,0,0.5,24.0,89.4,21.1,-0.993,0.247,-0.4,3.8,26,809,0.5,0,0,0
28.3,10,20.0,1.44,0.0208,0,0,0,0.5,24.0,89.4,21.1,-1.03,0.226,-0.4,3.8,26,809,0.5,0,0,0
28.3,10,20.0,1.44,0.12,0,0,0,0.5,24.0,89.4,21.1,-1.07,0.182,-0.4,3.8,26,809,0.5,0,0,0
28.4,10,20.0,1.45,0.167,0,0,0,0.5,24.0,89.4,21.1,-1.12,0.162,-0.4,3.8,26,809,0.5,0,0,0
28.4,10,20.2,1.46,0.191,0,0,0,0.5,24.0,89.4,21.1,-1.18,0.156,-0.4,3.8,26,809,0.5,0,0,0
28.5,10,20.2,1.47,0.266,0,0,0,0.5,24.0,89.4,21.1,-1.23,0.133,-0.4,3.8,26,809,0.5,0,0,0
28.5,10,20.2,1.49,0.35,0,0,0,0.5,24.0,89.4,21.1,-1.27,0.104,-0.4,3.8,26,809,0.5,0,0,0
28.6,10,20.2,1.5,0.401,0,0,0,0.5,24.0,89.4,21.1,-1.31,0.0851,-0.4,3.8,26,809,0.5,0,0,0
28.6,10,20.2,1.5,0.399,0,0,0,0.5,24.0,89.4,21.1,-1.34,0.0822,-0.4,3.8,26,809,0.5,0,0,0
28.7,10,20.2,1.49,0.416,0,0,0,0.5,24.0,89.4,21.1,-1.35,0.0671,-0.4,3.8,26,809,0.5,0,0,0
28.7,10,20.2,1.49,0.508,0,0,0,0.5,24.0,89.5,21.1,-1.37,0.0147,-0.4,3.8,26,809,0.5,0,0,0
28.8,10,20.2,1.46,0.493,0,0,0,0.5,24.0,89.5,21.1,-1.4,-0.00291,-0.4,3.8,26,809,0.5,0,0,0
28.8,10,20.0,1.44,0.358,0,0,0,0.5,24.0,89.6,21.1,-1.44,0.0314,-0.4,3.8,26,809,0.5,0,0,0
28.9,10,20.0,1.43,0.275,0,0,0,0.5,24.0,89.6,21.1,-1.46,0.0571,-0.4,3.8,26,809,0.5,0,0,0
28.9,10,19.9,1.44,0.185,0,0,0,0.5,24.0,89.6,21.1,-1.45,0.0973,-0.4,3.8,26,809,0.5,0,0,0
29.0,10,19.9,1.46,0.0473,0,0,0,0.5,24.0,89.5,21.1,-1.42,0.172,-0.4,3.8,26,809,0.5,0,0,0
29.0,10,19.9,1.51,-0.0395,0,0,0,0.5,24.0,89.5,21.1,-1.34,0.245,-0.4,3.8,26,809,0.5,0,0,0
29.1,10,19.9,1.57,-0.0227,0,0,0,0.5,23.9,89.3,21.1,-1.21,0.289,-0.4,3.8,26,809,0.5,0,0,0
29.1,10,19.9,1.64,0.138,0,0,0,0.5,23.9,89.2,21.1,-1.05,0.272,-0.4,3.8,26,809,0.5,0,0,0
29.2,10,19.9,1.69,0.276,0,0,0,0.5,23.9,89.1,21.1,-0.938,0.245,-0.4,3.8,26,809,0.5,0,0,0
29.2,10,20.0,1.71,0.296,0,0,0,0.5,23.8,89.1,21.1,-0.874,0.244,-0.4,3.8,26,809,0.5,0,0,0
29.3,10,20.2,1.72,0.325,0,0,0,0.5,23.8,89.1,21.1,-0.837,0.23,-0.4,3.8,26,809,0.5,0,0,0
29.3,10,20.3,1.72,0.379,0,0,0,0.5,23.8,89.1,21.1,-0.832,0.2,-0.4,3.8,26,809,0.5,0,0,0
29.4,10,20.4,1.7,0.397,0,0,0,0.5,23.8,89.2,21.1,-0.861,0.174,-0.4,3.8,26,809,0.5,0,0,0
29.4,10,20.4,1.68,0.431,0,0,0,0.5,23.8,89.3,21.1,-0.923,0.132,-0.4,3.8,26,809,0.5,0,0,0
29.5,10,20.5,1.65,0.47,0,0,0,0.5,23.8,89.3,21.1,-1.01,0.0819,-0.4,3.8,26,809,0.5,0,0,0
29.5,10,20.5,1.61,0.443,0,0,0,0.5,23.8,89.4,21.1,-1.12,0.0582,-0.4,3.8,26,809,0.5,0,0,0
29.6,10,20.6,1.58,0.384,0,0,0,0.5,23.8,89.5,21.1,-1.24,0.0543,-0.4,3.8,26,809,0.5,0,0,0
29.6,10,20.6,1.56,0.376,0,0,0,0.5,23.8,89.5,21.1,-1.36,0.0341,-0.4,3.8,26,809,0.5,0,0,0
29.7,10,20.6,1.54,0.512,0,0,0,0.5,23.8,89.6,21.1,-1.48,-0.0458,-0.4,3.8,26,809,0.5,0,0,0
29.7,10,20.8,1.51,0.645,0,0,0,0.5,23.8,89.7,21.1,-1.61,-0.13,-0.4,3.8,26,809,0.5,0,0,0
29.8,10,20.9,1.47,0.606,0,0,0,0.5,23.7,89.7,21.1,-1.75,-0.144,-0.4,3.8,26,809,0.5,0,0,0
29.8,10,20.9,1.46,0.498,0,0,0,0.5,23.7,89.8,21.1,-1.85,-0.111,-0.4,3.8,26,809,0.5,0,0,0
29.9,10,21.0,1.47,0.491,0,0,0,0.5,23.7,89.7,21.1,-1.88,-0.0951,-0.4,3.8,26,809,0.5,0,0,0
29.9,10,21.0,1.5,0.616,0,0,0,0.5,23.7,89.7,21.1,-1.86,-0.123,-0.4,3.8,26,809,0.5,0,0,0
30.0,10,21.1,1.53,0.726,0,0,0,0.5,23.7,89.6,21.1,-1.86,-0.155,-0.4,3.8,26,809,0.5,0,0,0
30.0,10,21.2,1.53,0.803,0,0,0,0.5,23.7,89.7,21.1,-1.88,-0.191,-0.4,3.8,26,809,0.5,0,0,0
30.1,10,21.4,1.51,0.797,0,0,0,0.5,23.7,89.7,21.1,-1.94,-0.206,-0.4,3.8,26,809,0.5,0,0,0
30.1,10,21.5,1.49,0.78,0,0,0,0.5,23.8,89.8,21.1,-1.99,-0.22,-0.4,3.8,26,809,0.5,0,0,0
30.2,10,21.6,1.46,0.676,0,0,0,0.5,23.9,89.8,21.1,-2.06,-0.203,-0.4,3.8,26,809,0.5,0,0,0
30.2,10,21.6,1.43,0.499,0,0,0,0.5,24.0,89.9,21.1,-2.13,-0.155,-0.4,3.8,26,809,0.5,0,0,0
30.3,10,21.6,1.41,0.314,0,0,0,0.5,24.1,89.9,21.1,-2.22,-0.0977,-0.4,3.8,26,809,0.5,0,0,0
30.3,10,21.6,1.4,0.266,0,0,0,0.5,24.1,89.9,21.1,-2.24,-0.087,-0.4,3.8,26,809,0.5,0,0,0
30.4,10,21.5,1.39,0.313,0,0,0,0.5,24.1,90.0,21.1,-2.28,-0.117,-0.4,3.8,26,809,0.5,0,0,0
30.4,10,21.5,1.37,0.441,0,0,0,0.5,24.1,90.0,21.1,-2.33,-0.183,-0.4,3.8,26,809,0.5,0,0,0
30.5,10,21.5,1.36,0.381,0,0,0,0.5,24.0,90.0,21.1,-2.39,-0.168,-0.4,3.8,26,809,0.5,0,0,0
30.5,10,21.5,1.36,0.176,0,0,0,0.5,24.0,90.0,21.1,-2.39,-0.0738,-0.4,3.8,26,809,0.5,0,0,0
30.6,10,21.6,1.4,0.0122,0,0,0,0.5,24.0,89.9,21.1,-2.29,0.0315,-0.4,3.8,26,809,0.5,0,0,0
30.6,10,21.6,1.47,-0.0451,0,0,0,0.5,23.9,89.8,21.1,-2.11,0.11,-0.4,3.8,26,809,0.5,0,0,0
30.7,10,21.7,1.54,-0.0749,0,0,0,0.5,23.8,89.7,21.1,-1.9,0.173,-0.4,3.8,26,809,0.5,0,0,0
30.7,10,21.8,1.58,-0.172,0,0,0,0.5,23.7,89.6,21.1,-1.71,0.249,-0.4,3.8,26,809,0.5,0,0,0
30.8,10,22.0,1.62,-0.17,0,0,0,0.5,23.7,89.5,21.1,-1.51,0.276,-0.4,3.8,26,809,0.5,0,0,0
30.8,10,22.1,1.65,-0.0529,0,0,0,0.5,23.6,89.5,21.1,-1.33,0.244,-0.4,3.8,26,809,0.5,0,0,0
30.9,10,22.3,1.66,0.096,0,0,0,0.5,23.6,89.5,21.1,-1.2,0.181,-0.4,3.8,26,809,0.5,0,0,0
30.9,10,22.4,1.64,0.21,0,0,0,0.5,23.6,89.5,21.1,-1.1,0.115,-0.4,3.8,26,809,0.5,0,0,0
31.0,10,22.6,1.62,0.257,0,0,0,0.5,23.5,89.6,21.1,-1.01,0.0764,-0.4,3.8,26,809,0.5,0,0,0
31.0,10,22.8,1.61,0.19,0,0,0,0.5,23.5,89.6,21.1,-0.902,0.0909,-0.4,3.8,26,809,0.5,0,0,0
31.1,10,22.9,1.61,0.134,0,0,0,0.5,23.4,89.6,21.1,-0.738,0.113,-0.4,3.8,26,809,0.5,0,0,0
31.1,10,22.9,1.62,0.155,0,0,0,0.5,23.4,89.6,21.1,-0.539,0.109,-0.4,3.8,26,809,0.5,0,0,0
31.2,10,23.0,1.62,0.259,0,0,0,0.5,23.3,89.6,21.1,-0.34,0.0646,-0.4,3.8,26,809,0.5,0,0,0
31.2,10,23.2,1.61,0.35,0,0,0,0.5,23.2,89.6,21.1,-0.182,0.0134,-0.4,3.8,26,809,0.5,0,0,0
31.3,10,23.2,1.59,0.379,0,0,0,0.5,23.2,89.7,21.1,-0.0582,-0.016,-0.4,3.8,26,809,0.5,0,0,0
31.3,10,23.2,1.59,0.517,0,0,0,0.5,23.1,89.7,21.1,0.0611,-0.0796,-0.4,3.8,26,809,0.5,0,0,0
31.4,10,23.2,1.59,0.883,0,0,0,0.5,23.0,89.7,21.1,0.156,-0.225,-0.4,3.8,26,809,0.5,0,0,0
31.4,10,23.2,1.59,1.24,0,0,0,0.5,23.0,89.7,21.1,0.165,-0.373,-0.4,3.8,26,809,0.5,0,0,0
31.5,10,23.2,1.58,1.49,0,0,0,0.5,22.9,89.7,21.1,0.0872,-0.483,-0.4,3.8,26,809,0.5,0,0,0
31.5,10,23.2,1.56,1.62,0,0,0,0.5,22.9,89.8,21.1,-0.059,-0.55,-0.4,3.8,26,809,0.5,0,0,0
31.6,10,23.3,1.55,1.73,0,0,0,0.5,22.9,89.8,21.1,-0.24,-0.607,-0.4,3.8,26,809,0.5,0,0,0
31.6,10,23.3,1.53,1.85,0,0,0,0.5,22.9,89.8,21.1,-0.451,-0.674,-0.4,3.8,26,809,0.5,0,0,0
31.7,10,23.4,1.5,1.93,0,0,0,0.5,22.9,89.9,21.1,-0.695,-0.732,-0.4,3.8,26,809,0.5,0,0,0
31.7,10,23.5,1.46,1.88,0,0,0,0.5,23.0,90.0,21.1,-0.966,-0.748,-0.4,3.8,26,809,0.5,0,0,0
31.8,10,23.5,1.41,1.73,0,0,0,0.5,23.1,90.1,21.1,-1.25,-0.731,-0.4,3.8,26,809,0.5,0,0,0
31.8,10,23.5,1.36,1.45,0,0,0,0.5,23.2,90.2,21.1,-1.54,-0.655,-0.4,3.8,26,809,0.5,0,0,0
31.9,10,23.5,1.34,1.06,0,0,0,0.5,23.2,90.2,21.1,-1.82,-0.517,-0.4,3.8,26,809,0.5,0,0,0
31.9,10,23.5,1.35,0.8,0,0,0,0.5,23.3,90.2,21.1,-2.03,-0.401,-0.4,3.8,26,809,0.5,0,0,0
32.0,10,23.4,1.38,0.646,0,0,0,0.5,23.3,90.1,21.1,-2.19,-0.306,-0.4,3.8,26,809,0.5,0,0,0
32.0,10,23.4,1.44,0.533,0,0,0,0.5,23.3,90.0,21.1,-2.3,-0.216,-0.4,3.8,26,809,0.5,0,0,0
32.1,10,23.3,1.49,0.495,0,0,0,0.5,23.3,89.9,21.1,-2.36,-0.153,-0.4,3.8,26,809,0.5,0,0,0
32.1,10,23.2,1.55,0.61,0,0,0,0.5,23.3,89.8,21.1,-2.39,-0.152,-0.4,3.8,26,809,0.5,0,0,0
32.2,10,23.2,1.61,0.796,0,0,0,0.5,23.3,89.7,21.1,-2.43,-0.187,-0.4,3.8,26,809,0.5,0,0,0
32.2,10,23.2,1.65,0.915,0,0,0,0.5,23.3,89.6,21.1,-2.5,-0.208,-0.4,3.8,26,809,0.5,0,0,0
32.3,10,23.3,1.67,0.84,0,0,0,0.5,23.3,89.6,21.1,-2.58,-0.161,-0.4,3.8,26,809,0.5,0,0,0
32.3,10,23.3,1.7,0.686,0,0,0,0.5,23.3,89.5,21.1,-2.65,-0.0814,-0.4,3.8,26,809,0.5,0,0,0
32.4,10,23.4,1.73,0.647,0,0,0,0.5,23.4,89.5,21.1,-2.66,-0.0423,-0.4,3.8,26,809,0.5,0,0,0
32.4,10,23.4,1.76,0.794,0,0,0,0.5,23.4,89.4,21.1,-2.66,-0.081,-0.4,3.8,26,809,0.5,0,0,0
32.5,10,23.5,1.78,0.958,0,0,0,0.5,23.3,89.4,21.1,-2.65,-0.141,-0.4,3.8,26,809,0.5,0,0,0
32.5,10,23.5,1.77,1.1,0,0,0,0.5,23.3,89.4,21.1,-2.65,-0.209,-0.4,3.8,26,809,0.5,0,0,0
32.6,10,23.5,1.75,1.18,0,0,0,0.5,23.3,89.5,21.1,-2.66,-0.269,-0.4,3.8,26,809,0.5,0,0,0
32.6,10,23.6,1.71,0.785,0,0,0,0.5,23.3,89.6,21.1,-2.68,-0.14,-0.4,3.8,26,809,0.5,0,0,0
32.7,10,23.6,1.71,0.439,0,0,0,0.5,23.3,89.6,21.1,-2.59,0.00023,-0.4,3.8,26,809,0.5,0,0,0
32.7,10,23.8,1.75,0.219,0,0,0,0.5,23.2,89.5,21.1,-2.4,0.119,-0.4,3.8,26,809,0.5,0,0,0
32.8,10,23.8,1.81,0.177,0,0,0,0.5,23.2,89.4,21.1,-2.17,0.182,-0.4,3.8,26,809,0.5,0,0,0
32.8,10,23.9,1.87,0.204,0,0,0,0.5,23.1,89.3,21.1,-1.94,0.215,-0.4,3.8,26,809,0.5,0,0,0
32.9,10,24.0,1.92,0.279,0,0,0,0.5,23.1,89.2,21.1,-1.75,0.221,-0.4,3.8,26,809,0.5,0,0,0
32.9,10,24.1,1.97,0.456,0,0,0,0.5,23.0,89.1,21.1,-1.63,0.177,-0.4,3.8,26,809,0.5,0,0,0
33.0,10,24.2,2.0,0.652,0,0,0,0.5,23.0,89.1,21.1,-1.57,0.113,-0.4,3.8,26,809,0.5,0,0,0
33.0,10,24.4,2.02,0.862,0,0,0,0.5,23.0,89.0,21.1,-1.55,0.0379,-0.4,3.8,26,809,0.5,0,0,0
33.1,10,24.5,2.03,1.09,0,0,0,0.5,23.0,89.0,21.1,-1.57,-0.0528,-0.4,3.8,26,809,0.5,0,0,0
33.1,10,24.6,2.03,1.29,0,0,0,0.5,23.0,89.1,21.1,-1.61,-0.14,-0.4,3.8,26,809,0.5,0,0,0
33.2,10,24.7,2.01,1.36,0,0,0,0.5,23.0,89.1,21.1,-1.68,-0.193,-0.4,3.8,26,809,0.5,0,0,0
33.2,10,24.8,1.98,1.26,0,0,0,0.5,23.1,89.2,21.1,-1.79,-0.194,-0.4,3.8,26,809,0.5,0,0,0
33.3,10,24.8,1.93,0.979,0,0,0,0.5,23.1,89.3,21.1,-1.93,-0.124,-0.4,3.8,26,809,0.5,0,0,0
33.3,10,24.8,1.88,0.637,0,0,0,0.5,23.1,89.4,21.1,-2.04,-0.0249,-0.4,3.8,26,809,0.5,0,0,0
33.4,10,24.8,1.86,0.368,0,0,0,0.5,23.1,89.5,21.1,-2.1,0.0642,-0.4,3.8,26,809,0.5,0,0,0
33.4,10,24.7,1.87,0.131,0,0,0,0.5,23.1,89.5,21.1,-2.09,0.163,-0.4,3.8,26,809,0.5,0,0,0
33.5,10,24.7,1.91,0.0692,0,0,0,0.5,23.0,89.4,21.1,-2.0,0.222,-0.4,3.8,26,809,0.5,0,0,0
33.5,10,24.6,1.99,0.162,0,0,0,0.5,22.9,89.2,21.1,-1.85,0.24,-0.4,3.8,26,809,0.5,0,0,0
33.6,10,24.6,2.07,0.291,0,0,0,0.5,22.9,89.1,21.1,-1.67,0.249,-0.4,3.8,26,809,0.5,0,0,0
33.6,10,24.7,2.15,0.473,0,0,0,0.5,22.8,88.9,21.1,-1.47,0.232,-0.4,3.8,26,809,0.5,0,0,0
33.7,10,24.8,2.22,0.659,0,0,0,0.5,22.8,88.8,21.1,-1.3,0.199,-0.4,3.8,26,809,0.5,0,0,0
33.7,10,25.0,2.26,0.749,0,0,0,0.5,22.8,88.8,21.1,-1.17,0.184,-0.4,3.8,26,809,0.5,0,0,0
33.8,10,25.1,2.28,0.763,0,0,0,0.5,22.8,88.8,21.1,-1.07,0.181,-0.4,3.8,26,809,0.5,0,0,0
33.8,10,25.1,2.28,0.727,0,0,0,0.5,22.7,88.8,21.1,-1.0,0.184,-0.4,3.8,26,809,0.5,0,0,0
33.9,10,25.1,2.26,0.746,0,0,0,0.5,22.7,88.9,21.1,-0.956,0.156,-0.4,3.8,26,809,0.5,0,0,0
33.9,10,25.1,2.25,0.894,0,0,0,0.5,22.7,88.9,21.1,-0.929,0.0735,-0.4,3.8,26,809,0.5,0,0,0
34.0,10,25.1,2.22,0.982,0,0,0,0.5,22.7,89.0,21.1,-0.937,0.00646,-0.4,3.8,26,809,0.5,0,0,0
34.0,10,25.1,2.18,0.864,0,0,0,0.5,22.7,89.1,21.1,-0.971,0.0141,-0.4,3.8,26,809,0.5,0,0,0
34.1,10,25.1,2.14,0.662,0,0,0,0.5,22.7,89.2,21.1,-1.0,0.0595,-0.4,3.8,26,809,0.5,0,0,0
34.1,10,25.1,2.12,0.45,0,0,0,0.5,22.7,89.3,21.1,-1.01,0.119,-0.4,3.8,26,809,0.5,0,0,0
34.2,10,25.1,2.11,0.296,0,0,0,0.5,22.7,89.3,21.1,-0.996,0.167,-0.4,3.8,26,809,0.5,0,0,0
34.2,10,25.1,2.11,0.296,0,0,0,0.5,22.6,89.3,21.1,-0.974,0.161,-0.4,3.8,26,809,0.5,0,0,0
34.3,10,25.1,2.11,0.367,0,0,0,0.5,22.6,89.3,21.1,-0.954,0.129,-0.4,3.8,26,809,0.5,0,0,0
34.3,10,25.1,2.12,0.512,0,0,0,0.5,22.6,89.3,21.1,-0.926,0.0715,-0.4,3.8,26,809,0.5,0,0,0
34.4,10,25.1,2.12,0.688,0,0,0,0.5,22.5,89.3,21.1,-0.896,0.00217,-0.4,3.8,26,809,0.5,0,0,0
34.4,10,25.1,2.13,0.862,0,0,0,0.5,22.5,89.3,21.1,-0.861,-0.0667,-0.4,3.8,26,809,0.5,0,0,0
34.5,10,25.1,2.14,1.15,0,0,0,0.5,22.4,89.3,21.1,-0.816,-0.179,-0.4,3.8,26,809,0.5,0,0,0
34.5,10,25.1,2.14,1.52,0,0,0,0.5,22.4,89.3,21.1,-0.791,-0.33,-0.4,3.8,26,809,0.5,0,0,0
34.6,10,25.2,2.11,1.76,0,0,0,0.5,22.4,89.4,21.1,-0.824,-0.456,-0.4,3.8,26,809,0.5,0,0,0
34.6,10,25.2,2.05,1.88,0,0,0,0.5,22.4,89.5,21.1,-0.908,-0.549,-0.4,3.8,26,809,0.5,0,0,0
34.7,10,25.2,1.99,1.93,0,0,0,0.5,22.4,89.7,21.1,-1.02,-0.619,-0.4,3.8,26,809,0.5,0,0,0
34.7,10,25.1,1.94,1.9,0,0,0,0.5,22.4,89.8,21.1,-1.15,-0.648,-0.4,3.8,26,809,0.5,0,0,0
34.8,10,25.1,1.91,1.76,0,0,0,0.5,22.4,89.8,21.1,-1.28,-0.62,-0.4,3.8,26,809,0.5,0,0,0
34.8,10,25.0,1.89,1.49,0,0,0,0.5,22.4,89.9,21.1,-1.41,-0.531,-0.4,3.8,26,809,0.5,0,0,0
34.9,10,24.8,1.89,1.18,0,0,0,0.5,22.4,89.9,21.1,-1.5,-0.408,-0.4,3.8,26,809,0.5,0,0,0
34.9,10,24.8,1.92,1.07,0,0,0,0.5,22.4,89.8,21.1,-1.54,-0.343,-0.4,3.8,26,809,0.5,0,0,0
35.0,10,24.7,1.95,1.12,0,0,0,0.5,22.4,89.7,21.1,-1.55,-0.337,-0.4,3.8,26,809,0.5,0,0,0
35.0,10,24.8,1.98,1.14,0,0,0,0.5,22.4,89.7,21.1,-1.59,-0.331,-0.4,3.8,26,809,0.5,0,0,0
35.1,10,24.8,1.99,1.24,0,0,0,0.5,22.5,89.7,21.1,-1.64,-0.361,-0.4,3.8,26,809,0.5,0,0,0
35.1,10,25.0,2.0,1.34,0,0,0,0.5,22.5,89.7,21.1,-1.73,-0.4,-0.4,3.8,26,809,0.5,0,0,0
35.2,10,25.1,1.99,1.32,0,0,0,0.5,22.6,89.7,21.1,-1.84,-0.406,-0.4,3.8,26,809,0.5,0,0,0
35.2,10,25.1,1.97,1.22,0,0,0,0.5,22.7,89.7,21.1,-1.95,-0.383,-0.4,3.8,26,809,0.5,0,0,0
35.3,10,25.1,1.95,1.08,0,0,0,0.5,22.8,89.8,21.1,-2.05,-0.349,-0.4,3.8,26,809,0.5,0,0,0
35.3,10,25.1,1.91,0.895,0,0,0,0.5,22.9,89.9,21.1,-2.15,-0.306,-0.4,3.8,26,809,0.5,0,0,0
35.4,10,25.1,1.88,0.75,0,0,0,0.5,22.9,89.9,21.1,-2.25,-0.28,-0.4,3.8,26,809,0.5,0,0,0
35.4,10,25.1,1.84,0.63,0,0,0,0.5,23.0,90.0,21.1,-2.35,-0.263,-0.4,3.8,26,809,0.5,0,0,0
35.5,10,25.0,1.81,0.615,0,0,0,0.5,23.1,90.1,21.1,-2.43,-0.28,-0.4,3.8,26,809,0.5,0,0,0
35.5,10,25.0,1.78,0.668,0,0,0,0.5,23.1,90.1,21.1,-2.51,-0.325,-0.4,3.8,26,809,0.5,0,0,0
35.6,10,24.8,1.76,0.806,0,0,0,0.5,23.1,90.2,21.1,-2.59,-0.4,-0.4,3.8,26,809,0.5,0,0,0
35.6,10,24.7,1.73,0.986,0,0,0,0.5,23.1,90.2,21.1,-2.68,-0.496,-0.4,3.8,26,809,0.5,0,0,0
35.7,10,24.6,1.69,1.17,0,0,0,0.5,23.1,90.3,21.1,-2.8,-0.596,-0.4,3.8,26,809,0.5,0,0,0
35.7,10,24.6,1.65,1.32,0,0,0,0.5,23.1,90.4,21.1,-2.92,-0.687,-0.4,3.8,26,809,0.5,0,0,0
35.8,10,24.6,1.6,1.14,0,0,0,0.5,23.1,90.5,21.1,-3.03,-0.646,-0.4,3.8,26,809,0.5,0,0,0
35.8,10,24.7,1.58,0.866,0,0,0,0.5,23.1,90.5,21.1,-3.07,-0.546,-0.4,3.8,26,809,0.5,0,0,0
35.9,10,24.7,1.6,0.636,0,0,0,0.5,23.1,90.5,21.1,-3.05,-0.439,-0.4,3.8,26,809,0.5,0,0,0
35.9,10,24.8,1.63,0.506,0,0,0,0.5,23.1,90.4,21.1,-2.95,-0.356,-0.4,3.8,26,809,0.5,0,0,0
36.0,10,25.0,1.67,0.862,0,0,0,0.5,23.1,90.3,21.1,-2.8,-0.46,-0.4,3.8,26,809,0.5,0,0,0
36.0,10,25.0,1.69,1.17,0,0,0,0.5,23.0,90.2,21.1,-2.66,-0.57,-0.4,3.8,26,809,0.5,0,0,0
36.1,10,25.1,1.68,1.42,0,0,0,0.5,23.0,90.3,21.1,-2.54,-0.68,-0.4,3.8,26,809,0.5,0,0,0
36.1,10,25.1,1.64,1.63,0,0,0,0.5,23.0,90.3,21.1,-2.42,-0.787,-0.4,3.8,26,809,0.5,0,0,0
36.2,10,25.2,1.6,1.76,0,0,0,0.5,23.0,90.4,21.1,-2.3,-0.874,-0.4,3.8,26,809,0.5,0,0,0
36.2,10,25.2,1.54,1.8,0,0,0,0.5,23.0,90.5,21.1,-2.19,-0.933,-0.4,3.8,26,809,0.5,0,0,0
36.3,10,25.2,1.48,1.78,0,0,0,0.5,23.0,90.6,21.1,-2.11,-0.971,-0.4,3.8,26,809,0.5,0,0,0
36.3,10,25.3,1.41,1.71,0,0,0,0.5,23.0,90.8,21.1,-2.03,-0.995,-0.4,3.8,26,809,0.5,0,0,0
36.4,10,25.3,1.33,1.64,0,0,0,0.5,22.9,90.9,21.1,-1.97,-1.02,-0.4,3.8,26,809,0.5,0,0,0
36.4,10,25.4,1.26,1.07,0,0,0,0.5,22.9,91.0,21.1,-1.9,-0.839,-0.4,3.8,26,809,0.5,0,0,0
36.5,10,25.4,1.24,0.771,0,0,0,0.5,22.9,91.0,21.1,-1.71,-0.719,-0.4,3.8,26,809,0.5,0,0,0
36.5,10,25.6,1.26,0.754,0,0,0,0.5,22.8,91.0,21.1,-1.48,-0.687,-0.4,3.8,26,809,0.5,0,0,0
36.6,10,25.6,1.28,0.626,0,0,0,0.5,22.8,90.9,21.1,-1.27,-0.614,-0.4,3.8,26,809,0.5,0,0,0
36.6,10,25.7,1.3,0.641,0,0,0,0.5,22.7,90.9,21.1,-1.08,-0.595,-0.4,3.8,26,809,0.5,0,0,0
36.7,10,25.8,1.31,0.748,0,0,0,0.5,22.7,90.8,21.1,-0.94,-0.621,-0.4,3.8,26,809,0.5,0,0,0
36.7,10,25.9,1.31,0.81,0,0,0,0.5,22.7,90.8,21.1,-0.862,-0.642,-0.4,3.8,26,809,0.5,0,0,0
36.8,10,26.0,1.3,0.834,0,0,0,0.5,22.7,90.8,21.1,-0.818,-0.655,-0.4,3.8,26,809,0.5,0,0,0
36.8,10,26.2,1.28,0.893,0,0,0,0.5,22.7,90.8,21.1,-0.785,-0.686,-0.4,3.8,26,809,0.5,0,0,0
36.9,10,26.2,1.26,0.966,0,0,0,0.5,22.7,90.9,21.1,-0.761,-0.726,-0.4,3.8,26,809,0.5,0,0,0
36.9,10,26.3,1.23,1.01,0,0,0,0.5,22.7,90.9,21.1,-0.742,-0.759,-0.4,3.8,26,809,0.5,0,0,0
37.0,10,26.3,1.21,1.03,0,0,0,0.5,22.7,90.9,21.1,-0.705,-0.776,-0.4,3.8,26,809,0.5,0,0,0
37.0,10,26.2,1.19,0.995,0,0,0,0.5,22.7,90.9,21.1,-0.645,-0.77,-0.4,3.8,26,809,0.5,0,0,0
37.1,10,26.2,1.17,1.0,0,0,0,0.5,22.7,91.0,21.1,-0.562,-0.777,-0.4,3.8,26,809,0.5,0,0,0
37.1,10,26.0,1.15,0.992,0,0,0,0.5,22.6,91.0,21.1,-0.482,-0.782,-0.4,3.8,26,809,0.5,0,0,0
37.2,10,26.0,1.12,0.94,0,0,0,0.5,22.6,91.0,21.1,-0.408,-0.774,-0.4,3.8,26,809,0.5,0,0,0
37.2,10,25.9,1.09,0.95,0,0,0,0.5,22.5,91.1,21.1,-0.342,-0.795,-0.4,3.8,26,809,0.5,0,0,0
37.3,10,25.9,1.05,0.984,0,0,0,0.5,22.5,91.1,21.1,-0.303,-0.829,-0.4,3.8,26,809,0.5,0,0,0
37.3,10,25.8,1.02,0.966,0,0,0,0.5,22.5,91.2,21.1,-0.285,-0.841,-0.4,3.8,26,809,0.5,0,0,0
37.4,10,25.8,0.989,0.99,0,0,0,0.5,22.5,91.2,21.1,-0.272,-0.86,-0.4,3.8,26,809,0.5,0,0,0
37.4,10,25.7,0.973,1.13,0,0,0,0.5,22.4,91.2,21.1,-0.272,-0.918,-0.4,3.8,26,809,0.5,0,0,0
37.5,10,25.7,0.959,1.33,0,0,0,0.5,22.4,91.2,21.1,-0.298,-0.998,-0.4,3.8,26,809,0.5,0,0,0
37.5,10,25.7,0.933,1.48,0,0,0,0.5,22.5,91.3,21.1,-0.363,-1.07,-0.4,3.8,26,809,0.5,0,0,0
37.6,10,25.7,0.889,1.5,0,0,0,0.5,22.5,91.3,21.1,-0.471,-1.11,-0.4,3.8,26,809,0.5,0,0,0
37.6,10,25.7,0.84,1.47,0,0,0,0.5,22.6,91.4,21.1,-0.582,-1.12,-0.4,3.8,26,809,0.5,0,0,0
37.6,10,25.7,0.797,1.51,0,0,0,0.5,22.6,91.4,21.1,-0.674,-1.17,-0.4,3.8,26,809,0.5,0,0,0
37.7,10,25.7,0.757,1.55,0,0,0,0.5,22.7,91.5,21.1,-0.767,-1.2,-0.4,3.8,26,809,0.5,0,0,0
37.7,10,25.6,0.714,1.4,0,0,0,0.5,22.7,91.5,21.1,-0.883,-1.17,-0.4,3.8,26,809,0.5,0,0,0
37.8,10,25.6,0.678,1.11,0,0,0,0.5,22.8,91.6,21.1,-0.992,-1.07,-0.4,3.8,26,809,0.5,0,0,0
37.8,10,25.4,0.659,0.8,0,0,0,0.5,22.8,91.6,21.1,-1.07,-0.951,-0.4,3.8,26,809,0.5,0,0,0
37.9,10,25.3,0.661,0.541,0,0,0,0.5,22.8,91.6,21.1,-1.1,-0.833,-0.4,3.8,26,809,0.5,0,0,0
37.9,10,25.2,0.673,0.372,0,0,0,0.5,22.7,91.5,21.1,-1.1,-0.742,-0.4,3.8,26,809,0.5,0,0,0
38.0,10,25.1,0.689,0.352,0,0,0,0.5,22.7,91.4,21.1,-1.1,-0.707,-0.4,3.8,26,809,0.5,0,0,0
38.0,10,25.1,0.712,0.487,0,0,0,0.5,22.7,91.4,21.1,-1.1,-0.731,-0.4,3.8,26,809,0.5,0,0,0
38.1,10,25.1,0.737,0.746,0,0,0,0.5,22.6,91.3,21.1,-1.1,-0.802,-0.4,3.8,26,809,0.5,0,0,0
38.1,10,25.1,0.754,1.01,0,0,0,0.5,22.6,91.2,21.1,-1.11,-0.882,-0.4,3.8,26,809,0.5,0,0,0
38.2,10,25.2,0.76,1.2,0,0,0,0.5,22.6,91.2,21.1,-1.13,-0.946,-0.4,3.8,26,809,0.5,0,0,0
38.2,10,25.2,0.753,1.28,0,0,0,0.5,22.7,91.2,21.1,-1.17,-0.973,-0.4,3.8,26,809,0.5,0,0,0
38.3,10,25.3,0.732,1.13,0,0,0,0.5,22.7,91.2,21.1,-1.21,-0.922,-0.4,3.8,26,809,0.5,0,0,0
38.3,10,25.4,0.715,0.915,0,0,0,0.5,22.7,91.2,21.1,-1.21,-0.842,-0.4,3.8,26,809,0.5,0,0,0
38.4,10,25.4,0.712,0.887,0,0,0,0.5,22.8,91.2,21.1,-1.14,-0.825,-0.4,3.8,26,809,0.5,0,0,0
38.4,10,25.4,0.701,0.926,0,0,0,0.5,22.8,91.2,21.1,-1.09,-0.841,-0.4,3.8,26,809,0.5,0,0,0
38.5,10,25.4,0.679,0.927,0,0,0,0.5,22.8,91.2,21.1,-1.05,-0.852,-0.4,3.8,26,809,0.5,0,0,0
38.5,10,25.4,0.651,0.791,0,0,0,0.5,22.9,91.2,21.1,-1.01,-0.81,-0.4,3.8,26,809,0.5,0,0,0
38.6,10,25.3,0.636,0.589,0,0,0,0.5,22.9,91.2,21.1,-0.94,-0.731,-0.4,3.8,26,809,0.5,0,0,0
38.6,10,25.3,0.64,0.557,0,0,0,0.5,22.9,91.2,21.1,-0.839,-0.706,-0.4,3.8,26,809,0.5,0,0,0
38.7,10,25.2,0.64,0.531,0,0,0,0.5,22.9,91.2,21.1,-0.766,-0.687,-0.4,3.8,26,809,0.5,0,0,0
38.7,10,25.2,0.629,0.406,0,0,0,0.5,22.9,91.2,21.1,-0.741,-0.638,-0.4,3.8,26,809,0.5,0,0,0
38.8,10,25.2,0.616,0.284,0,0,0,0.5,22.9,91.2,21.1,-0.748,-0.591,-0.4,3.8,26,809,0.5,0,0,0
38.8,10,25.2,0.608,0.259,0,0,0,0.5,23.0,91.2,21.1,-0.778,-0.578,-0.4,3.8,26,809,0.5,0,0,0
38.9,10,25.2,0.605,0.329,0,0,0,0.5,23.0,91.2,21.1,-0.825,-0.6,-0.4,3.8,26,809,0.5,0,0,0
38.9,10,25.3,0.602,0.504,0,0,0,0.5,23.0,91.2,21.1,-0.889,-0.665,-0.4,3.8,26,809,0.5,0,0,0
39.0,10,25.3,0.59,0.696,0,0,0,0.5,23.1,91.2,21.1,-0.98,-0.745,-0.4,3.8,26,809,0.5,0,0,0
39.0,10,25.3,0.563,0.738,0,0,0,0.5,23.1,91.2,21.1,-1.1,-0.776,-0.4,3.8,26,809,0.5,0,0,0
39.1,10,25.3,0.533,0.721,0,0,0,0.5,23.2,91.2,21.1,-1.22,-0.785,-0.4,3.8,26,809,0.5,0,0,0
39.1,10,25.3,0.504,0.68,0,0,0,0.5,23.3,91.3,21.1,-1.33,-0.785,-0.4,3.8,26,809,0.5,0,0,0
39.2,10,25.3,0.476,0.692,0,0,0,0.5,23.3,91.3,21.1,-1.43,-0.804,-0.4,3.8,26,809,0.5,0,0,0
39.2,10,25.2,0.445,0.678,0,0,0,0.5,23.4,91.3,21.1,-1.52,-0.815,-0.4,3.8,26,809,0.5,0,0,0
39.3,10,25.2,0.412,0.429,0,0,0,0.5,23.4,91.4,21.1,-1.59,-0.728,-0.4,3.8,26,809,0.5,0,0,0
39.3,10,25.1,0.403,0.0333,0,0,0,0.5,23.4,91.3,21.1,-1.57,-0.558,-0.4,3.8,26,809,0.5,0,0,0
39.4,10,24.8,0.445,-0.184,0,0,0,0.5,23.3,91.2,21.1,-1.41,-0.421,-0.4,3.8,26,809,0.5,0,0,0
39.4,10,24.8,0.514,-0.274,0,0,0,0.5,23.2,91.1,21.1,-1.18,-0.317,-0.4,3.8,26,809,0.5,0,0,0
39.5,10,24.7,0.593,-0.22,0,0,0,0.5,23.1,90.9,21.1,-0.901,-0.265,-0.4,3.8,26,809,0.5,0,0,0
39.5,10,24.7,0.668,-0.0678,0,0,0,0.5,23.1,90.7,21.1,-0.633,-0.26,-0.4,3.8,26,809,0.5,0,0,0
39.6,10,24.8,0.73,0.132,0,0,0,0.5,23.0,90.6,21.1,-0.395,-0.285,-0.4,3.8,26,809,0.5,0,0,0
39.6,10,25.0,0.774,0.338,0,0,0,0.5,23.0,90.5,21.1,-0.206,-0.329,-0.4,3.8,26,809,0.5,0,0,0
39.7,10,25.1,0.799,0.509,0,0,0,0.5,23.0,90.4,21.1,-0.0652,-0.375,-0.4,3.8,26,809,0.5,0,0,0
39.7,10,25.1,0.811,0.663,0,0,0,0.5,23.0,90.4,21.1,0.0396,-0.425,-0.4,3.8,26,809,0.5,0,0,0
39.8,10,25.2,0.809,0.788,0,0,0,0.5,23.0,90.4,21.1,0.102,-0.475,-0.4,3.8,26,809,0.5,0,0,0
39.8,10,25.2,0.792,0.835,0,0,0,0.5,23.0,90.4,21.1,0.123,-0.505,-0.4,3.8,26,809,0.5,0,0,0
39.9,10,25.3,0.767,0.728,0,0,0,0.5,23.0,90.5,21.1,0.121,-0.478,-0.4,3.8,26,809,0.5,0,0,0
39.9,10,25.2,0.752,0.64,0,0,0,0.5,23.1,90.5,21.1,0.132,-0.451,-0.4,3.8,26,809,0.5,0,0,0
40.0,10,25.2,0.747,0.632,0,0,0,0.5,23.0,90.5,21.1,0.144,-0.448,-0.4,3.8,26,809,0.5,0,0,0
40.0,10,25.1,0.743,0.628,0,0,0,0.5,23.0,90.5,21.1,0.143,-0.445,-0.4,3.8,26,809,0.5,0,0,0
40.1,10,25.1,0.742,0.674,0,0,0,0.5,23.0,90.5,21.1,0.131,-0.461,-0.4,3.8,26,809,0.5,0,0,0
40.1,10,25.0,0.74,0.79,0,0,0,0.5,23.0,90.5,21.1,0.105,-0.505,-0.4,3.8,26,809,0.5,0,0,0
40.2,10,25.0,0.733,0.863,0,0,0,0.5,23.0,90.5,21.1,0.0574,-0.536,-0.4,3.8,26,809,0.5,0,0,0
40.2,10,25.0,0.726,0.874,0,0,0,0.5,23.0,90.5,21.1,-0.00105,-0.542,-0.4,3.8,26,809,0.5,0,0,0
40.3,10,25.1,0.722,0.785,0,0,0,0.5,23.0,90.5,21.1,-0.0587,-0.505,-0.4,3.8,26,809,0.5,0,0,0
40.3,10,25.1,0.73,0.773,0,0,0,0.5,23.0,90.4,21.1,-0.099,-0.49,-0.4,3.8,26,809,0.5,0,0,0
40.4,10,25.1,0.734,0.836,0,0,0,0.5,23.0,90.4,21.1,-0.16,-0.51,-0.4,3.8,26,809,0.5,0,0,0
40.4,10,25.2,0.725,0.864,0,0,0,0.5,23.0,90.4,21.1,-0.263,-0.525,-0.4,3.8,26,809,0.5,0,0,0
40.5,10,25.2,0.705,0.877,0,0,0,0.5,23.0,90.5,21.1,-0.403,-0.544,-0.4,3.8,26,809,0.5,0,0,0
40.5,10,25.2,0.679,0.94,0,0,0,0.5,23.0,90.5,21.1,-0.572,-0.587,-0.4,3.8,26,809,0.5,0,0,0
40.6,10,25.3,0.653,1.08,0,0,0,0.5,23.0,90.6,21.1,-0.757,-0.66,-0.4,3.8,26,809,0.5,0,0,0
40.6,10,25.3,0.626,1.21,0,0,0,0.5,23.1,90.6,21.1,-0.958,-0.735,-0.4,3.8,26,809,0.5,0,0,0
40.7,10,25.3,0.593,1.31,0,0,0,0.5,23.2,90.7,21.1,-1.18,-0.797,-0.4,3.8,26,809,0.5,0,0,0
40.7,10,25.2,0.556,1.28,0,0,0,0.5,23.3,90.7,21.1,-1.42,-0.815,-0.4,3.8,26,809,0.5,0,0,0
40.8,10,25.2,0.516,1.12,0,0,0,0.5,23.3,90.8,21.1,-1.68,-0.776,-0.4,3.8,26,809,0.5,0,0,0
40.8,10,25.1,0.481,0.882,0,0,0,0.5,23.4,90.8,21.1,-1.96,-0.704,-0.4,3.8,26,809,0.5,0,0,0
40.9,10,25.0,0.459,0.678,0,0,0,0.5,23.5,90.9,21.1,-2.21,-0.631,-0.4,3.8,26,809,0.5,0,0,0
40.9,10,24.8,0.452,0.592,0,0,0,0.5,23.5,90.9,21.1,-2.42,-0.595,-0.4,3.8,26,809,0.5,0,0,0
41.0,10,24.7,0.458,0.597,0,0,0,0.5,23.5,90.8,21.1,-2.56,-0.584,-0.4,3.8,26,809,0.5,0,0,0
41.0,10,24.7,0.475,0.652,0,0,0,0.5,23.5,90.8,21.1,-2.65,-0.585,-0.4,3.8,26,809,0.5,0,0,0
41.1,10,24.6,0.498,0.691,0,0,0,0.5,23.5,90.7,21.1,-2.67,-0.575,-0.4,3.8,26,809,0.5,0,0,0
41.1,10,24.6,0.527,0.725,0,0,0,0.5,23.5,90.6,21.1,-2.62,-0.559,-0.4,3.8,26,809,0.5,0,0,0
41.2,10,24.7,0.558,0.74,0,0,0,0.5,23.5,90.6,21.1,-2.53,-0.534,-0.4,3.8,26,809,0.5,0,0,0
41.2,10,24.7,0.582,0.743,0,0,0,0.5,23.5,90.5,21.1,-2.39,-0.511,-0.4,3.8,26,809,0.5,0,0,0
41.3,10,24.8,0.595,0.73,0,0,0,0.5,23.5,90.5,21.1,-2.22,-0.491,-0.4,3.8,26,809,0.5,0,0,0
41.3,10,25.0,0.596,0.718,0,0,0,0.5,23.5,90.5,21.1,-2.05,-0.482,-0.4,3.8,26,809,0.5,0,0,0
41.4,10,25.1,0.59,0.755,0,0,0,0.5,23.4,90.5,21.1,-1.86,-0.498,-0.4,3.8,26,809,0.5,0,0,0
41.4,10,25.2,0.578,0.836,0,0,0,0.5,23.4,90.5,21.1,-1.69,-0.537,-0.4,3.8,26,809,0.5,0,0,0
41.5,10,25.2,0.558,0.935,0,0,0,0.5,23.4,90.5,21.1,-1.54,-0.59,-0.4,3.8,26,809,0.5,0,0,0
41.5,10,25.3,0.532,1.05,0,0,0,0.5,23.4,90.6,21.1,-1.42,-0.655,-0.4,3.8,26,809,0.5,0,0,0
41.6,10,25.4,0.499,1.12,0,0,0,0.5,23.3,90.6,21.1,-1.34,-0.707,-0.4,3.8,26,809,0.5,0,0,0
41.6,10,25.6,0.456,0.927,0,0,0,0.5,23.3,90.7,21.1,-1.29,-0.655,-0.4,3.8,26,809,0.5,0,0,0
41.7,10,25.6,0.429,0.732,0,0,0,0.5,23.3,90.7,21.1,-1.24,-0.592,-0.4,3.8,26,809,0.5,0,0,0
41.7,10,25.7,0.411,0.459,0,0,0,0.5,23.3,90.7,21.1,-1.17,-0.487,-0.4,3.8,26,809,0.5,0,0,0
41.8,10,25.8,0.413,0.306,0,0,0,0.5,23.3,90.7,21.1,-1.06,-0.417,-0.4,3.8,26,809,0.5,0,0,0
41.8,10,25.8,0.42,0.296,0,0,0,0.5,23.2,90.7,21.1,-0.928,-0.4,-0.4,3.8,26,809,0.5,0,0,0
41.9,10,25.9,0.425,0.41,0,0,0,0.5,23.2,90.7,21.1,-0.811,-0.438,-0.4,3.8,26,809,0.5,0,0,0
41.9,10,25.9,0.418,0.555,0,0,0,0.5,23.2,90.7,21.1,-0.737,-0.498,-0.4,3.8,26,809,0.5,0,0,0
42.0,10,26.0,0.4,0.588,0,0,0,0.5,23.2,90.7,21.1,-0.698,-0.52,-0.4,3.8,26,809,0.5,0,0,0
42.0,10,26.2,0.383,0.514,0,0,0,0.5,23.2,90.7,21.1,-0.659,-0.496,-0.4,3.8,26,809,0.5,0,0,0
42.1,10,26.2,0.378,0.552,0,0,0,0.5,23.2,90.7,21.1,-0.6,-0.51,-0.4,3.8,26,809,0.5,0,0,0
42.1,10,26.3,0.371,0.649,0,0,0,0.5,23.2,90.7,21.1,-0.536,-0.55,-0.4,3.8,26,809,0.5,0,0,0
42.2,10,26.4,0.356,0.739,0,0,0,0.5,23.2,90.7,21.1,-0.484,-0.594,-0.4,3.8,26,809,0.5,0,0,0
42.2,10,26.4,0.333,0.783,0,0,0,0.5,23.2,90.8,21.1,-0.439,-0.625,-0.4,3.8,26,809,0.5,0,0,0
42.3,10,26.4,0.31,0.765,0,0,0,0.5,23.2,90.8,21.1,-0.393,-0.631,-0.4,3.8,26,809,0.5,0,0,0
42.3,10,26.4,0.291,0.724,0,0,0,0.5,23.3,90.8,21.1,-0.34,-0.624,-0.4,3.8,26,809,0.5,0,0,0
42.4,10,26.4,0.269,0.624,0,0,0,0.5,23.3,90.8,21.1,-0.311,-0.596,-0.4,3.8,26,809,0.5,0,0,0
42.4,10,26.4,0.243,0.436,0,0,0,0.5,23.3,90.9,21.1,-0.318,-0.534,-0.4,3.8,26,809,0.5,0,0,0
42.5,10,26.4,0.224,0.263,0,0,0,0.5,23.3,90.9,21.1,-0.323,-0.471,-0.4,3.8,26,809,0.5,0,0,0
42.5,10,26.3,0.218,0.15,0,0,0,0.5,23.3,90.9,21.1,-0.323,-0.421,-0.4,3.8,26,809,0.5,0,0,0
42.6,10,26.3,0.228,0.156,0,0,0,0.5,23.3,90.8,21.1,-0.318,-0.406,-0.4,3.8,26,809,0.5,0,0,0
42.6,10,26.2,0.257,0.338,0,0,0,0.5,23.2,90.8,21.1,-0.31,-0.45,-0.4,3.8,26,809,0.5,0,0,0
42.7,10,26.2,0.292,0.6,0,0,0,0.5,23.2,90.7,21.1,-0.309,-0.523,-0.4,3.8,26,809,0.5,0,0,0
42.7,10,26.2,0.315,0.741,0,0,0,0.5,23.3,90.6,21.1,-0.338,-0.556,-0.4,3.8,26,809,0.5,0,0,0
42.8,10,26.2,0.326,0.702,0,0,0,0.5,23.3,90.6,21.1,-0.381,-0.526,-0.4,3.8,26,809,0.5,0,0,0
42.8,10,26.3,0.337,0.558,0,0,0,0.5,23.3,90.6,21.1,-0.398,-0.453,-0.4,3.8,26,809,0.5,0,0,0
42.9,10,26.3,0.359,0.514,0,0,0,0.5,23.2,90.5,21.1,-0.37,-0.412,-0.4,3.8,26,809,0.5,0,0,0
42.9,10,26.3,0.379,0.522,0,0,0,0.5,23.2,90.5,21.1,-0.324,-0.395,-0.4,3.8,26,809,0.5,0,0,0
43.0,10,26.2,0.393,0.504,0,0,0,0.5,23.2,90.4,21.1,-0.264,-0.372,-0.4,3.8,26,809,0.5,0,0,0
43.0,10,26.2,0.41,0.568,0,0,0,0.5,23.1,90.4,21.1,-0.172,-0.38,-0.4,3.8,26,809,0.5,0,0,0
43.1,10,26.2,0.427,0.707,0,0,0,0.5,23.1,90.3,21.1,-0.0683,-0.419,-0.4,3.8,26,809,0.5,0,0,0
43.1,10,26.2,0.438,0.736,0,0,0,0.5,23.1,90.3,21.1,0.0204,-0.418,-0.4,3.8,26,809,0.5,0,0,0
43.2,10,26.2,0.453,0.693,0,0,0,0.5,23.0,90.3,21.1,0.118,-0.385,-0.4,3.8,26,809,0.5,0,0,0
43.2,10,26.0,0.48,0.717,0,0,0,0.5,23.0,90.2,21.1,0.231,-0.37,-0.4,3.8,26,809,0.5,0,0,0
43.3,10,26.2,0.506,0.716,0,0,0,0.5,22.9,90.2,21.1,0.321,-0.347,-0.4,3.8,26,809,0.5,0,0,0
43.3,10,26.2,0.529,0.699,0,0,0,0.5,22.9,90.1,21.1,0.375,-0.321,-0.4,3.8,26,809,0.5,0,0,0
43.4,10,26.3,0.55,0.691,0,0,0,0.5,22.9,90.1,21.1,0.388,-0.301,-0.4,3.8,26,809,0.5,0,0,0
43.4,10,26.3,0.573,0.716,0,0,0,0.5,22.9,90.0,21.1,0.364,-0.292,-0.4,3.8,26,809,0.5,0,0,0
43.5,10,26.4,0.595,0.757,0,0,0,0.5,22.8,90.0,21.1,0.304,-0.29,-0.4,3.8,26,809,0.5,0,0,0
43.5,10,26.4,0.615,0.835,0,0,0,0.5,22.8,89.9,21.1,0.218,-0.306,-0.4,3.8,26,809,0.5,0,0,0
43.6,10,26.5,0.627,0.922,0,0,0,0.5,22.9,89.9,21.1,0.11,-0.333,-0.4,3.8,26,809,0.5,0,0,0
43.6,10,26.6,0.624,0.893,0,0,0,0.5,22.9,89.9,21.1,-0.0261,-0.325,-0.4,3.8,26,809,0.5,0,0,0
43.7,10,26.6,0.62,0.913,0,0,0,0.5,22.9,89.9,21.1,-0.154,-0.337,-0.4,3.8,26,809,0.5,0,0,0
43.7,10,26.6,0.607,0.942,0,0,0,0.5,22.9,90.0,21.1,-0.296,-0.361,-0.4,3.8,26,809,0.5,0,0,0
43.8,10,26.8,0.582,0.961,0,0,0,0.5,22.9,90.0,21.1,-0.473,-0.391,-0.4,3.8,26,809,0.5,0,0,0
43.8,10,26.8,0.544,0.944,0,0,0,0.5,22.9,90.1,21.1,-0.682,-0.415,-0.4,3.8,26,809,0.5,0,0,0
43.9,10,26.8,0.499,0.886,0,0,0,0.5,23.0,90.2,21.1,-0.914,-0.428,-0.4,3.8,26,809,0.5,0,0,0
43.9,10,26.9,0.454,0.816,0,0,0,0.5,23.0,90.3,21.1,-1.16,-0.435,-0.4,3.8,26,809,0.5,0,0,0
44.0,10,26.8,0.412,0.643,0,0,0,0.5,23.1,90.3,21.1,-1.4,-0.397,-0.4,3.8,26,809,0.5,0,0,0
44.0,10,26.8,0.391,0.459,0,0,0,0.5,23.1,90.4,21.1,-1.63,-0.336,-0.4,3.8,26,809,0.5,0,0,0
44.1,10,26.8,0.399,0.359,0,0,0,0.5,23.2,90.3,21.1,-1.8,-0.285,-0.4,3.8,26,809,0.5,0,0,0
44.1,10,26.6,0.432,0.336,0,0,0,0.5,23.2,90.3,21.1,-1.93,-0.245,-0.4,3.8,26,809,0.5,0,0,0
44.2,10,26.6,0.481,0.378,0,0,0,0.5,23.2,90.2,21.1,-2.02,-0.219,-0.4,3.8,26,809,0.5,0,0,0
44.2,10,26.6,0.534,0.429,0,0,0,0.5,23.3,90.1,21.1,-2.08,-0.196,-0.4,3.8,26,809,0.5,0,0,0
44.3,10,26.6,0.582,0.421,0,0,0,0.5,23.3,90.0,21.1,-2.12,-0.154,-0.4,3.8,26,809,0.5,0,0,0
44.3,10,26.6,0.628,0.369,0,0,0,0.5,23.3,89.9,21.1,-2.12,-0.0951,-0.4,3.8,26,809,0.5,0,0,0
44.4,10,26.6,0.673,0.388,0,0,0,0.5,23.3,89.8,21.1,-2.09,-0.0678,-0.4,3.8,26,809,0.5,0,0,0
44.4,10,26.6,0.712,0.424,0,0,0,0.5,23.3,89.7,21.1,-2.04,-0.0531,-0.4,3.8,26,809,0.5,0,0,0
44.5,10,26.6,0.741,0.492,0,0,0,0.5,23.3,89.7,21.1,-2.0,-0.0605,-0.4,3.8,26,809,0.5,0,0,0
44.5,10,26.6,0.761,0.559,0,0,0,0.5,23.3,89.6,21.1,-1.96,-0.0739,-0.4,3.8,26,809,0.5,0,0,0
44.6,10,26.6,0.774,0.59,0,0,0,0.5,23.3,89.6,21.1,-1.93,-0.0793,-0.4,3.8,26,809,0.5,0,0,0
44.6,10,26.6,0.785,0.664,0,0,0,0.5,23.2,89.6,21.1,-1.9,-0.104,-0.4,3.8,26,809,0.5,0,0,0
44.7,10,26.6,0.792,0.761,0,0,0,0.5,23.2,89.6,21.1,-1.89,-0.141,-0.4,3.8,26,809,0.5,0,0,0
44.7,10,26.8,0.793,0.842,0,0,0,0.5,23.2,89.6,21.1,-1.89,-0.176,-0.4,3.8,26,809,0.5,0,0,0
44.8,10,26.8,0.792,0.895,0,0,0,0.5,23.2,89.6,21.1,-1.89,-0.202,-0.4,3.8,26,809,0.5,0,0,0
44.8,10,26.9,0.791,0.887,0,0,0,0.5,23.1,89.6,21.1,-1.89,-0.202,-0.4,3.8,26,809,0.5,0,0,0
44.9,10,27.0,0.794,0.593,0,0,0,0.5,23.1,89.6,21.1,-1.88,-0.0816,-0.4,3.8,26,809,0.5,0,0,0
44.9,10,27.1,0.832,0.429,0,0,0,0.5,23.1,89.5,21.1,-1.78,0.0137,-0.4,3.8,26,809,0.5,0,0,0
45.0,10,27.2,0.887,0.377,0,0,0,0.5,23.0,89.4,21.1,-1.64,0.0749,-0.4,3.8,26,809,0.5,0,0,0
45.0,10,27.5,0.939,0.43,0,0,0,0.5,23.0,89.3,21.1,-1.49,0.0897,-0.4,3.8,26,809,0.5,0,0,0
45.1,10,27.6,0.975,0.528,0,0,0,0.5,22.9,89.3,21.1,-1.37,0.0725,-0.4,3.8,26,809,0.5,0,0,0
45.1,10,27.7,0.992,0.611,0,0,0,0.5,22.9,89.3,21.1,-1.28,0.0464,-0.4,3.8,26,809,0.5,0,0,0
45.2,10,28.0,0.998,0.729,0,0,0,0.5,22.8,89.3,21.1,-1.2,-0.00234,-0.4,3.8,26,809,0.5,0,0,0
45.2,10,28.1,0.999,0.828,0,0,0,0.5,22.8,89.3,21.1,-1.15,-0.0472,-0.4,3.8,26,809,0.5,0,0,0
45.3,10,28.1,0.995,0.857,0,0,0,0.5,22.8,89.3,21.1,-1.11,-0.0672,-0.4,3.8,26,809,0.5,0,0,0
45.3,10,28.2,0.989,0.87,0,0,0,0.5,22.7,89.3,21.1,-1.07,-0.0828,-0.4,3.8,26,809,0.5,0,0,0
45.4,10,28.3,0.98,0.91,0,0,0,0.5,22.7,89.4,21.1,-1.03,-0.111,-0.4,3.8,26,809,0.5,0,0,0
45.4,10,28.4,0.964,0.908,0,0,0,0.5,22.7,89.4,21.1,-0.99,-0.128,-0.4,3.8,26,809,0.5,0,0,0
45.5,10,28.4,0.945,0.892,0,0,0,0.5,22.7,89.5,21.1,-0.939,-0.14,-0.4,3.8,26,809,0.5,0,0,0
45.5,10,28.6,0.934,0.875,0,0,0,0.5,22.6,89.5,21.1,-0.857,-0.145,-0.4,3.8,26,809,0.5,0,0,0
45.6,10,28.6,0.94,1.02,0,0,0,0.5,22.6,89.5,21.1,-0.728,-0.2,-0.4,3.8,26,809,0.5,0,0,0
45.6,10,28.6,0.95,1.24,0,0,0,0.5,22.6,89.5,21.1,-0.602,-0.284,-0.4,3.8,26,809,0.5,0,0,0
45.7,10,28.6,0.954,1.4,0,0,0,0.5,22.5,89.5,21.1,-0.517,-0.347,-0.4,3.8,26,809,0.5,0,0,0
45.7,10,28.6,0.945,1.43,0,0,0,0.5,22.5,89.5,21.1,-0.481,-0.374,-0.4,3.8,26,809,0.5,0,0,0
45.8,10,28.6,0.931,1.41,0,0,0,0.5,22.5,89.6,21.1,-0.484,-0.38,-0.4,3.8,26,809,0.5,0,0,0
45.8,10,28.6,0.916,1.34,0,0,0,0.5,22.5,89.6,21.1,-0.513,-0.368,-0.4,3.8,26,809,0.5,0,0,0
45.9,10,28.6,0.902,1.24,0,0,0,0.5,22.5,89.6,21.1,-0.565,-0.343,-0.4,3.8,26,809,0.5,0,0,0
45.9,10,28.6,0.889,1.21,0,0,0,0.5,22.5,89.7,21.1,-0.644,-0.342,-0.4,3.8,26,809,0.5,0,0,0
46.0,10,28.4,0.877,1.24,0,0,0,0.5,22.5,89.7,21.1,-0.751,-0.369,-0.4,3.8,26,809,0.5,0,0,0
46.0,10,28.6,0.862,1.23,0,0,0,0.5,22.5,89.7,21.1,-0.891,-0.378,-0.4,3.8,26,809,0.5,0,0,0
46.1,10,28.6,0.85,1.19,0,0,0,0.5,22.5,89.8,21.1,-1.05,-0.374,-0.4,3.8,26,809,0.5,0,0,0
46.1,10,28.4,0.849,1.23,0,0,0,0.5,22.5,89.8,21.1,-1.19,-0.394,-0.4,3.8,26,809,0.5,0,0,0
46.2,10,28.4,0.849,1.3,0,0,0,0.5,22.5,89.8,21.1,-1.36,-0.421,-0.4,3.8,26,809,0.5,0,0,0
46.2,10,28.3,0.846,1.34,0,0,0,0.5,22.5,89.8,21.1,-1.57,-0.442,-0.4,3.8,26,809,0.5,0,0,0
46.3,10,28.3,0.836,1.05,0,0,0,0.5,22.5,89.8,21.1,-1.81,-0.336,-0.4,3.8,26,809,0.5,0,0,0
46.3,10,28.3,0.855,0.754,0,0,0,0.5,22.5,89.8,21.1,-1.96,-0.203,-0.4,3.8,26,809,0.5,0,0,0
46.4,10,28.4,0.91,0.593,0,0,0,0.5,22.5,89.7,21.1,-1.98,-0.0967,-0.4,3.8,26,809,0.5,0,0,0
46.4,10,28.4,0.986,0.589,0,0,0,0.5,22.5,89.5,21.1,-1.91,-0.0381,-0.4,3.8,26,809,0.5,0,0,0
46.5,10,28.4,1.06,0.681,0,0,0,0.5,22.4,89.4,21.1,-1.81,-0.0219,-0.4,3.8,26,809,0.5,0,0,0
46.5,10,28.6,1.12,0.752,0,0,0,0.5,22.3,89.3,21.1,-1.74,-0.0106,-0.4,3.8,26,809,0.5,0,0,0
46.6,10,28.7,1.16,0.839,0,0,0,0.5,22.3,89.2,21.1,-1.66,-0.0136,-0.4,3.8,26,809,0.5,0,0,0
46.6,10,28.8,1.2,0.979,0,0,0,0.5,22.3,89.1,21.1,-1.6,-0.0469,-0.4,3.8,26,809,0.5,0,0,0
46.7,10,28.9,1.22,1.07,0,0,0,0.5,22.2,89.1,21.1,-1.56,-0.0794,-0.4,3.8,26,809,0.5,0,0,0
46.7,10,29.0,1.21,1.12,0,0,0,0.5,22.2,89.2,21.1,-1.54,-0.107,-0.4,3.8,26,809,0.5,0,0,0
46.8,10,29.2,1.2,1.21,0,0,0,0.5,22.2,89.2,21.1,-1.5,-0.157,-0.4,3.8,26,809,0.5,0,0,0
46.8,10,29.4,1.18,1.28,0,0,0,0.5,22.2,89.2,21.1,-1.46,-0.203,-0.4,3.8,26,809,0.5,0,0,0
46.9,10,29.5,1.16,1.2,0,0,0,0.5,22.3,89.3,21.1,-1.41,-0.202,-0.4,3.8,26,809,0.5,0,0,0
46.9,10,29.6,1.13,1.08,0,0,0,0.5,22.3,89.4,21.1,-1.32,-0.178,-0.4,3.8,26,809,0.5,0,0,0
47.0,10,29.6,1.11,1.06,0,0,0,0.5,22.3,89.4,21.1,-1.18,-0.192,-0.4,3.8,26,809,0.5,0,0,0
47.0,10,29.6,1.08,0.743,0,0,0,0.5,22.2,89.5,21.1,-1.04,-0.0931,-0.4,3.8,26,809,0.5,0,0,0
47.1,10,29.6,1.07,0.556,0,0,0,0.5,22.2,89.5,21.1,-0.844,-0.0295,-0.4,3.8,26,809,0.5,0,0,0
47.1,10,29.6,1.08,0.502,0,0,0,0.5,22.1,89.5,21.1,-0.631,-0.00928,-0.4,3.8,26,809,0.5,0,0,0
47.2,10,29.6,1.09,0.573,0,0,0,0.5,22.1,89.5,21.1,-0.45,-0.0334,-0.4,3.8,26,809,0.5,0,0,0
47.2,10,29.6,1.1,0.751,0,0,0,0.5,22.0,89.5,21.1,-0.338,-0.0992,-0.4,3.8,26,809,0.5,0,0,0
47.3,10,29.6,1.1,0.875,0,0,0,0.5,22.0,89.5,21.1,-0.303,-0.145,-0.4,3.8,26,809,0.5,0,0,0
47.3,10,29.6,1.12,0.947,0,0,0,0.5,22.0,89.5,21.1,-0.314,-0.167,-0.4,3.8,26,809,0.5,0,0,0
47.4,10,29.8,1.14,1.07,0,0,0,0.5,22.0,89.5,21.1,-0.347,-0.206,-0.4,3.8,26,809,0.5,0,0,0
47.4,10,29.9,1.15,1.15,0,0,0,0.5,22.0,89.5,21.1,-0.416,-0.231,-0.4,3.8,26,809,0.5,0,0,0
47.5,10,29.9,1.15,1.14,0,0,0,0.5,22.0,89.5,21.1,-0.499,-0.228,-0.4,3.8,26,809,0.5,0,0,0
47.5,10,30.0,1.15,1.12,0,0,0,0.5,22.0,89.5,21.1,-0.586,-0.225,-0.4,3.8,26,809,0.5,0,0,0
47.6,10,30.0,1.15,1.1,0,0,0,0.5,22.1,89.5,21.1,-0.675,-0.229,-0.4,3.8,26,809,0.5,0,0,0
47.6,10,29.9,1.13,1.09,0,0,0,0.5,22.1,89.5,21.1,-0.765,-0.238,-0.4,3.8,26,809,0.5,0,0,0
47.7,10,29.9,1.12,1.07,0,0,0,0.5,22.1,89.6,21.1,-0.848,-0.247,-0.4,3.8,26,809,0.5,0,0,0
47.7,10,29.9,1.1,0.931,0,0,0,0.5,22.1,89.6,21.1,-0.918,-0.21,-0.4,3.8,26,809,0.5,0,0,0
47.8,10,29.8,1.09,0.714,0,0,0,0.5,22.1,89.6,21.1,-0.934,-0.134,-0.4,3.8,26,809,0.5,0,0,0
47.8,10,29.8,1.1,0.458,0,0,0,0.5,22.0,89.6,21.1,-0.871,-0.0272,-0.4,3.8,26,809,0.5,0,0,0
47.9,10,29.6,1.14,0.297,0,0,0,0.5,22.0,89.5,21.1,-0.709,0.0643,-0.4,3.8,26,809,0.5,0,0,0
47.9,10,29.5,1.2,0.207,0,0,0,0.5,21.9,89.4,21.1,-0.484,0.142,-0.4,3.8,26,809,0.5,0,0,0
48.0,10,29.5,1.27,0.289,0,0,0,0.5,21.8,89.3,21.1,-0.234,0.16,-0.4,3.8,26,809,0.5,0,0,0
48.0,10,29.5,1.33,0.404,0,0,0,0.5,21.8,89.2,21.1,-0.0273,0.157,-0.4,3.8,26,809,0.5,0,0,0
48.1,10,29.6,1.39,0.48,0,0,0,0.5,21.7,89.1,21.1,0.135,0.16,-0.4,3.8,26,809,0.5,0,0,0
48.1,10,29.8,1.43,0.585,0,0,0,0.5,21.7,89.0,21.1,0.278,0.148,-0.4,3.8,26,809,0.5,0,0,0
48.2,10,29.8,1.48,0.781,0,0,0,0.5,21.6,89.0,21.1,0.416,0.101,-0.4,3.8,26,809,0.5,0,0,0
48.2,10,29.9,1.52,1.05,0,0,0,0.5,21.6,88.9,21.1,0.539,0.0206,-0.4,3.8,26,809,0.5,0,0,0
48.3,10,29.9,1.54,1.33,0,0,0,0.5,21.6,88.9,21.1,0.623,-0.0784,-0.4,3.8,26,809,0.5,0,0,0
48.3,10,30.0,1.54,1.43,0,0,0,0.5,21.6,88.9,21.1,0.64,-0.129,-0.4,3.8,26,809,0.5,0,0,0
48.4,10,30.0,1.52,1.3,0,0,0,0.5,21.6,89.0,21.1,0.61,-0.105,-0.4,3.8,26,809,0.5,0,0,0
48.4,10,30.0,1.49,1.08,0,0,0,0.5,21.6,89.0,21.1,0.559,-0.0494,-0.4,3.8,26,809,0.5,0,0,0
48.5,10,30.0,1.47,0.886,0,0,0,0.5,21.6,89.1,21.1,0.497,0.00265,-0.4,3.8,26,809,0.5,0,0,0
48.5,10,30.0,1.46,0.763,0,0,0,0.5,21.5,89.1,21.1,0.43,0.0352,-0.4,3.8,26,809,0.5,0,0,0
48.6,10,29.9,1.46,0.759,0,0,0,0.5,21.5,89.1,21.1,0.367,0.0345,-0.4,3.8,26,809,0.5,0,0,0
48.6,10,29.8,1.49,0.846,0,0,0,0.5,21.5,89.1,21.1,0.321,0.0157,-0.4,3.8,26,809,0.5,0,0,0
48.7,10,29.8,1.53,0.995,0,0,0,0.5,21.4,89.0,21.1,0.293,-0.0136,-0.4,3.8,26,809,0.5,0,0,0
48.7,10,29.6,1.59,1.19,0,0,0,0.5,21.4,89.0,21.1,0.276,-0.0507,-0.4,3.8,26,809,0.5,0,0,0
48.8,10,29.6,1.64,1.36,0,0,0,0.5,21.3,88.9,21.1,0.251,-0.0842,-0.4,3.8,26,809,0.5,0,0,0
48.8,10,29.6,1.69,1.53,0,0,0,0.5,21.3,88.8,21.1,0.199,-0.118,-0.4,3.8,26,809,0.5,0,0,0
48.9,10,29.6,1.73,1.71,0,0,0,0.5,21.3,88.7,21.1,0.108,-0.169,-0.4,3.8,26,809,0.5,0,0,0
48.9,10,29.8,1.75,1.88,0,0,0,0.5,21.3,88.7,21.1,-0.0274,-0.226,-0.4,3.8,26,809,0.5,0,0,0
49.0,10,29.8,1.75,1.99,0,0,0,0.5,21.3,88.7,21.1,-0.196,-0.273,-0.4,3.8,26,809,0.5,0,0,0
49.0,10,29.8,1.75,2.04,0,0,0,0.5,21.3,88.8,21.1,-0.38,-0.306,-0.4,3.8,26,809,0.5,0,0,0
49.1,10,29.8,1.74,2.04,0,0,0,0.5,21.3,88.8,21.1,-0.566,-0.319,-0.4,3.8,26,809,0.5,0,0,0
49.1,10,29.8,1.73,1.9,0,0,0,0.5,21.3,88.9,21.1,-0.753,-0.284,-0.4,3.8,26,809,0.5,0,0,0
49.2,10,29.6,1.72,1.75,0,0,0,0.5,21.4,88.9,21.1,-0.924,-0.244,-0.4,3.8,26,809,0.5,0,0,0
49.2,10,29.5,1.72,1.65,0,0,0,0.5,21.4,88.9,21.1,-1.08,-0.217,-0.4,3.8,26,809,0.5,0,0,0
49.3,10,29.5,1.72,1.51,0,0,0,0.5,21.4,89.0,21.1,-1.25,-0.171,-0.4,3.8,26,809,0.5,0,0,0
49.3,10,29.4,1.73,1.3,0,0,0,0.5,21.5,89.0,21.1,-1.41,-0.0982,-0.4,3.8,26,809,0.5,0,0,0
49.4,10,29.4,1.74,1.1,0,0,0,0.5,21.5,88.9,21.1,-1.54,-0.0185,-0.4,3.8,26,809,0.5,0,0,0
49.4,10,29.3,1.77,0.901,0,0,0,0.5,21.6,88.9,21.1,-1.62,0.0715,-0.4,3.8,26,809,0.5,0,0,0
49.5,10,29.3,1.82,0.938,0,0,0,0.5,21.6,88.8,21.1,-1.63,0.0855,-0.4,3.8,26,809,0.5,0,0,0
49.5,10,29.2,1.86,1.08,0,0,0,0.5,21.6,88.8,21.1,-1.63,0.0577,-0.4,3.8,26,809,0.5,0,0,0
49.6,10,29.2,1.9,1.02,0,0,0,0.5,21.6,88.7,21.1,-1.63,0.0962,-0.4,3.8,26,809,0.5,0,0,0
49.6,10,29.2,1.93,0.993,0,0,0,0.5,21.6,88.7,21.1,-1.6,0.125,-0.4,3.8,26,809,0.5,0,0,0
49.7,10,29.2,1.97,1.17,0,0,0,0.5,21.5,88.6,21.1,-1.54,0.0766,-0.4,3.8,26,809,0.5,0,0,0
49.7,10,29.2,2.0,1.4,0,0,0,0.5,21.5,88.6,21.1,-1.5,-0.00277,-0.4,3.8,26,809,0.5,0,0,0
49.8,10,29.2,1.99,1.59,0,0,0,0.5,21.5,88.6,21.1,-1.49,-0.0887,-0.4,3.8,26,809,0.5,0,0,0
49.8,10,29.2,1.97,1.82,0,0,0,0.5,21.5,88.7,21.1,-1.54,-0.207,-0.4,3.8,26,809,0.5,0,0,0
49.9,10,29.2,1.92,1.98,0,0,0,0.5,21.6,88.9,21.1,-1.62,-0.315,-0.4,3.8,26,809,0.5,0,0,0
49.9,10,29.2,1.85,2.04,0,0,0,0.5,21.6,89.0,21.1,-1.72,-0.399,-0.4,3.8,26,809,0.5,0,0,0
50.0,10,29.2,1.78,1.96,0,0,0,0.5,21.6,89.2,21.1,-1.84,-0.426,-0.4,3.8,26,809,0.5,0,0,0
50.0,10,29.0,1.72,1.84,0,0,0,0.5,21.6,89.3,21.1,-1.94,-0.429,-0.4,3.8,26,809,0.5,0,0,0
50.1,10,29.0,1.68,1.82,0,0,0,0.5,21.6,89.4,21.1,-2.05,-0.464,-0.4,3.8,26,809,0.5,0,0,0
50.1,10,28.9,1.63,1.82,0,0,0,0.5,21.6,89.5,21.1,-2.18,-0.509,-0.4,3.8,26,809,0.5,0,0,0
50.2,10,28.9,1.57,1.84,0,0,0,0.5,21.6,89.6,21.1,-2.34,-0.559,-0.4,3.8,26,809,0.5,0,0,0
50.2,10,28.9,1.52,1.89,0,0,0,0.5,21.6,89.8,21.1,-2.48,-0.62,-0.4,3.8,26,809,0.5,0,0,0
50.3,10,28.9,1.46,1.95,0,0,0,0.5,21.6,89.9,21.1,-2.59,-0.684,-0.4,3.8,26,809,0.5,0,0,0
50.3,10,28.9,1.42,2.06,0,0,0,0.5,21.6,90.0,21.1,-2.64,-0.756,-0.4,3.8,26,809,0.5,0,0,0
50.4,10,29.0,1.38,2.14,0,0,0,0.5,21.6,90.0,21.1,-2.65,-0.816,-0.4,3.8,26,809,0.5,0,0,0
50.4,10,29.0,1.35,2.2,0,0,0,0.5,21.6,90.1,21.1,-2.61,-0.863,-0.4,3.8,26,809,0.5,0,0,0
50.5,10,29.2,1.31,2.24,0,0,0,0.5,21.5,90.2,21.1,-2.52,-0.903,-0.4,3.8,26,809,0.5,0,0,0
50.5,10,29.2,1.28,2.29,0,0,0,0.5,21.5,90.2,21.1,-2.39,-0.945,-0.4,3.8,26,809,0.5,0,0,0
50.6,10,29.2,1.24,2.35,0,0,0,0.5,21.5,90.3,21.1,-2.24,-0.993,-0.4,3.8,26,809,0.5,0,0,0
50.6,10,29.3,1.2,2.37,0,0,0,0.5,21.5,90.4,21.1,-2.07,-1.03,-0.4,3.8,26,809,0.5,0,0,0
50.7,10,29.3,1.15,2.38,0,0,0,0.5,21.5,90.5,21.1,-1.89,-1.07,-0.4,3.8,26,809,0.5,0,0,0
50.7,10,29.3,1.09,2.4,0,0,0,0.5,21.5,90.6,21.1,-1.7,-1.12,-0.4,3.8,26,809,0.5,0,0,0
50.8,10,29.3,1.03,2.42,0,0,0,0.5,21.5,90.7,21.1,-1.5,-1.17,-0.4,3.8,26,809,0.5,0,0,0
50.8,10,29.3,0.962,2.42,0,0,0,0.5,21.5,90.8,21.1,-1.31,-1.21,-0.4,3.8,26,809,0.5,0,0,0
50.9,10,29.3,0.893,2.42,0,0,0,0.5,21.5,90.9,21.1,-1.13,-1.26,-0.4,3.8,26,809,0.5,0,0,0
50.9,10,29.2,0.824,2.42,0,0,0,0.5,21.5,91.1,21.1,-0.963,-1.3,-0.4,3.8,26,809,0.5,0,0,0
51.0,10,29.2,0.757,2.24,0,0,0,0.5,21.4,91.2,21.1,-0.808,-1.27,-0.4,3.8,26,809,0.5,0,0,0
51.0,10,29.2,0.708,1.93,0,0,0,0.5,21.5,91.2,21.1,-0.652,-1.18,-0.4,3.8,26,809,0.5,0,0,0
51.1,10,29.2,0.68,1.76,0,0,0,0.5,21.5,91.3,21.1,-0.51,-1.13,-0.4,3.8,26,809,0.5,0,0,0
51.1,10,29.3,0.655,1.61,0,0,0,0.5,21.5,91.3,21.1,-0.42,-1.09,-0.4,3.8,26,809,0.5,0,0,0
51.2,10,29.3,0.629,1.5,0,0,0,0.5,21.4,91.3,21.1,-0.38,-1.05,-0.4,3.8,26,809,0.5,0,0,0
51.2,10,29.3,0.603,1.39,0,0,0,0.5,21.4,91.3,21.1,-0.381,-1.02,-0.4,3.8,26,809,0.5,0,0,0
51.3,10,29.3,0.588,1.4,0,0,0,0.5,21.5,91.3,21.1,-0.394,-1.03,-0.4,3.8,26,809,0.5,0,0,0
51.3,10,29.2,0.583,1.63,0,0,0,0.5,21.5,91.3,21.1,-0.415,-1.11,-0.4,3.8,26,809,0.5,0,0,0
51.4,10,29.2,0.57,1.87,0,0,0,0.5,21.5,91.3,21.1,-0.471,-1.2,-0.4,3.8,26,809,0.5,0,0,0
51.4,10,29.2,0.549,2.08,0,0,0,0.5,21.5,91.4,21.1,-0.539,-1.29,-0.4,3.8,26,809,0.5,0,0,0
51.5,10,29.0,0.515,2.22,0,0,0,0.5,21.5,91.4,21.1,-0.632,-1.36,-0.4,3.8,26,809,0.5,0,0,0
51.5,10,29.0,0.469,2.2,0,0,0,0.5,21.6,91.5,21.1,-0.758,-1.38,-0.4,3.8,26,809,0.5,0,0,0
51.6,10,28.9,0.422,2.04,0,0,0,0.5,21.6,91.5,21.1,-0.882,-1.34,-0.4,3.8,26,809,0.5,0,0,0
51.6,10,28.9,0.39,1.81,0,0,0,0.5,21.6,91.5,21.1,-0.956,-1.27,-0.4,3.8,26,809,0.5,0,0,0
51.7,10,28.8,0.379,1.52,0,0,0,0.5,21.6,91.5,21.1,-0.959,-1.15,-0.4,3.8,26,809,0.5,0,0,0
51.7,10,28.6,0.395,1.28,0,0,0,0.5,21.6,91.5,21.1,-0.871,-1.03,-0.4,3.8,26,809,0.5,0,0,0
51.8,10,28.4,0.431,1.11,0,0,0,0.5,21.6,91.4,21.1,-0.716,-0.931,-0.4,3.8,26,809,0.5,0,0,0
51.8,10,28.3,0.475,1.02,0,0,0,0.5,21.5,91.2,21.1,-0.521,-0.85,-0.4,3.8,26,809,0.5,0,0,0
51.9,10,28.3,0.518,1.12,0,0,0,0.5,21.5,91.1,21.1,-0.319,-0.846,-0.4,3.8,26,809,0.5,0,0,0
51.9,10,28.3,0.548,1.4,0,0,0,0.5,21.5,91.1,21.1,-0.167,-0.923,-0.4,3.8,26,809,0.5,0,0,0
52.0,10,28.3,0.551,1.65,0,0,0,0.5,21.5,91.0,21.1,-0.105,-1.01,-0.4,3.8,26,809,0.5,0,0,0
52.0,10,28.4,0.531,1.71,0,0,0,0.5,21.5,91.1,21.1,-0.117,-1.04,-0.4,3.8,26,809,0.5,0,0,0
52.1,10,28.4,0.504,1.63,0,0,0,0.5,21.5,91.1,21.1,-0.144,-1.02,-0.4,3.8,26,809,0.5,0,0,0
52.1,10,28.4,0.488,1.55,0,0,0,0.5,21.5,91.1,21.1,-0.133,-0.996,-0.4,3.8,26,809,0.5,0,0,0
52.2,10,28.4,0.48,1.52,0,0,0,0.5,21.5,91.1,21.1,-0.099,-0.984,-0.4,3.8,26,809,0.5,0,0,0
52.2,10,28.4,0.472,1.55,0,0,0,0.5,21.5,91.1,21.1,-0.0622,-0.994,-0.4,3.8,26,809,0.5,0,0,0
52.3,10,28.4,0.461,1.62,0,0,0,0.5,21.5,91.1,21.1,-0.0394,-1.02,-0.4,3.8,26,809,0.5,0,0,0
52.3,10,28.4,0.445,1.67,0,0,0,0.5,21.5,91.1,21.1,-0.041,-1.04,-0.4,3.8,26,809,0.5,0,0,0
52.4,10,28.3,0.425,1.74,0,0,0,0.5,21.5,91.1,21.1,-0.0719,-1.07,-0.4,3.8,26,809,0.5,0,0,0
52.4,10,28.3,0.401,1.78,0,0,0,0.5,21.5,91.1,21.1,-0.135,-1.1,-0.4,3.8,26,809,0.5,0,0,0
52.5,10,28.3,0.374,1.77,0,0,0,0.5,21.6,91.2,21.1,-0.228,-1.11,-0.4,3.8,26,809,0.5,0,0,0
52.5,10,28.4,0.345,1.69,0,0,0,0.5,21.6,91.2,21.1,-0.347,-1.09,-0.4,3.8,26,809,0.5,0,0,0
52.6,10,28.4,0.323,1.5,0,0,0,0.5,21.7,91.2,21.1,-0.464,-1.03,-0.4,3.8,26,809,0.5,0,0,0
52.6,10,28.4,0.315,1.26,0,0,0,0.5,21.7,91.2,21.1,-0.541,-0.939,-0.4,3.8,26,809,0.5,0,0,0
52.7,10,28.4,0.322,1.07,0,0,0,0.5,21.7,91.2,21.1,-0.573,-0.851,-0.4,3.8,26,809,0.5,0,0,0
52.7,10,28.3,0.34,0.986,0,0,0,0.5,21.7,91.1,21.1,-0.585,-0.797,-0.4,3.8,26,809,0.5,0,0,0
52.8,10,28.3,0.362,0.975,0,0,0,0.5,21.7,91.1,21.1,-0.601,-0.768,-0.4,3.8,26,809,0.5,0,0,0
52.8,10,28.3,0.382,1.04,0,0,0,0.5,21.7,91.0,21.1,-0.643,-0.769,-0.4,3.8,26,809,0.5,0,0,0
52.9,10,28.3,0.392,1.09,0,0,0,0.5,21.7,91.0,21.1,-0.725,-0.776,-0.4,3.8,26,809,0.5,0,0,0
52.9,10,28.4,0.391,1.14,0,0,0,0.5,21.8,90.9,21.1,-0.827,-0.789,-0.4,3.8,26,809,0.5,0,0,0
53.0,10,28.4,0.395,1.29,0,0,0,0.5,21.8,90.9,21.1,-0.879,-0.837,-0.4,3.8,26,809,0.5,0,0,0
53.0,10,28.4,0.401,1.48,0,0,0,0.5,21.8,90.9,21.1,-0.886,-0.9,-0.4,3.8,26,809,0.5,0,0,0
53.1,10,28.3,0.4,1.65,0,0,0,0.5,21.8,90.9,21.1,-0.878,-0.959,-0.4,3.8,26,809,0.5,0,0,0
53.1,10,28.3,0.388,1.75,0,0,0,0.5,21.8,90.9,21.1,-0.871,-0.999,-0.4,3.8,26,809,0.5,0,0,0
53.2,10,28.2,0.368,1.78,0,0,0,0.5,21.8,90.9,21.1,-0.874,-1.02,-0.4,3.8,26,809,0.5,0,0,0
53.2,10,28.2,0.337,1.75,0,0,0,0.5,21.8,90.9,21.1,-0.896,-1.03,-0.4,3.8,26,809,0.5,0,0,0
53.3,10,28.1,0.295,1.65,0,0,0,0.5,21.8,91.0,21.1,-0.94,-1.02,-0.4,3.8,26,809,0.5,0,0,0
53.3,10,28.1,0.248,1.53,0,0,0,0.5,21.9,91.1,21.1,-1.0,-0.997,-0.4,3.8,26,809,0.5,0,0,0
53.4,10,28.1,0.199,1.18,0,0,0,0.5,21.9,91.2,21.1,-1.08,-0.893,-0.4,3.8,26,809,0.5,0,0,0
53.4,10,28.1,0.188,1.03,0,0,0,0.5,21.9,91.1,21.1,-1.08,-0.834,-0.4,3.8,26,809,0.5,0,0,0
53.5,10,28.1,0.197,0.928,0,0,0,0.5,21.9,91.1,21.1,-1.06,-0.778,-0.4,3.8,26,809,0.5,0,0,0
53.5,10,28.1,0.222,0.917,0,0,0,0.5,21.9,91.0,21.1,-1.01,-0.746,-0.4,3.8,26,809,0.5,0,0,0
53.6,10,28.1,0.254,1.08,0,0,0,0.5,21.9,90.9,21.1,-0.948,-0.779,-0.4,3.8,26,809,0.5,0,0,0
53.6,10,28.1,0.275,1.24,0,0,0,0.5,21.9,90.9,21.1,-0.886,-0.814,-0.4,3.8,26,809,0.5,0,0,0
53.7,10,28.1,0.282,1.35,0,0,0,0.5,21.9,90.9,21.1,-0.836,-0.848,-0.4,3.8,26,809,0.5,0,0,0
53.7,10,28.1,0.271,1.47,0,0,0,0.5,21.9,90.9,21.1,-0.804,-0.893,-0.4,3.8,26,809,0.5,0,0,0
53.8,10,28.1,0.246,1.62,0,0,0,0.5,21.9,90.9,21.1,-0.787,-0.964,-0.4,3.8,26,809,0.5,0,0,0
53.8,10,28.0,0.207,1.77,0,0,0,0.5,21.9,91.0,21.1,-0.783,-1.05,-0.4,3.8,26,809,0.5,0,0,0
53.9,10,28.0,0.158,1.9,0,0,0,0.5,21.9,91.0,21.1,-0.789,-1.13,-0.4,3.8,26,809,0.5,0,0,0
53.9,10,28.0,0.104,1.99,0,0,0,0.5,21.9,91.1,21.1,-0.803,-1.19,-0.4,3.8,26,809,0.5,0,0,0
54.0,10,27.8,0.0494,2.05,0,0,0,0.5,21.9,91.2,21.1,-0.82,-1.25,-0.4,3.8,26,809,0.5,0,0,0
54.0,10,27.7,-0.00127,2.08,0,0,0,0.5,21.9,91.3,21.1,-0.833,-1.29,-0.4,3.8,26,809,0.5,0,0,0
54.1,10,27.6,-0.0451,2.05,0,0,0,0.5,21.9,91.4,21.1,-0.832,-1.3,-0.4,3.8,26,809,0.5,0,0,0
54.1,10,27.6,-0.0814,1.96,0,0,0,0.5,21.9,91.4,21.1,-0.812,-1.28,-0.4,3.8,26,809,0.5,0,0,0
54.2,10,27.5,-0.109,1.86,0,0,0,0.5,21.8,91.4,21.1,-0.767,-1.25,-0.4,3.8,26,809,0.5,0,0,0
54.2,10,27.5,-0.129,1.49,0,0,0,0.5,21.8,91.4,21.1,-0.693,-1.11,-0.4,3.8,26,809,0.5,0,0,0
54.3,10,27.4,-0.111,1.1,0,0,0,0.5,21.8,91.4,21.1,-0.536,-0.931,-0.4,3.8,26,809,0.5,0,0,0
54.3,10,27.4,-0.047,0.939,0,0,0,0.5,21.7,91.2,21.1,-0.291,-0.81,-0.4,3.8,26,809,0.5,0,0,0
54.4,10,27.4,0.0383,0.993,0,0,0,0.5,21.7,91.0,21.1,-0.0124,-0.755,-0.4,3.8,26,809,0.5,0,0,0
54.4,10,27.4,0.118,1.22,0,0,0,0.5,21.7,90.8,21.1,0.242,-0.774,-0.4,3.8,26,809,0.5,0,0,0
54.5,10,27.5,0.167,1.46,0,0,0,0.5,21.7,90.7,21.1,0.419,-0.825,-0.4,3.8,26,809,0.5,0,0,0
54.5,10,27.6,0.178,1.58,0,0,0,0.5,21.7,90.7,21.1,0.514,-0.86,-0.4,3.8,26,809,0.5,0,0,0
54.6,10,27.7,0.164,1.6,0,0,0,0.5,21.7,90.7,21.1,0.556,-0.875,-0.4,3.8,26,809,0.5,0,0,0
54.6,10,27.7,0.137,1.59,0,0,0,0.5,21.7,90.7,21.1,0.565,-0.886,-0.4,3.8,26,809,0.5,0,0,0
54.7,10,27.7,0.101,1.55,0,0,0,0.5,21.7,90.8,21.1,0.549,-0.893,-0.4,3.8,26,809,0.5,0,0,0
54.7,10,27.6,0.0633,1.54,0,0,0,0.5,21.7,90.9,21.1,0.521,-0.911,-0.4,3.8,26,809,0.5,0,0,0
54.8,10,27.6,0.0289,1.62,0,0,0,0.5,21.7,90.9,21.1,0.485,-0.962,-0.4,3.8,26,809,0.5,0,0,0
54.8,10,27.5,-0.00723,1.67,0,0,0,0.5,21.8,91.0,21.1,0.424,-1.0,-0.4,3.8,26,809,0.5,0,0,0
54.9,10,27.5,-0.0455,1.59,0,0,0,0.5,21.8,91.0,21.1,0.338,-0.997,-0.4,3.8,26,809,0.5,0,0,0
54.9,10,27.5,-0.0775,1.44,0,0,0,0.5,21.8,91.1,21.1,0.245,-0.958,-0.4,3.8,26,809,0.5,0,0,0
55.0,10,27.5,-0.0975,1.27,0,0,0,0.5,21.9,91.1,21.1,0.153,-0.898,-0.4,3.8,26,809,0.5,0,0,0
55.0,10,27.5,-0.102,1.17,0,0,0,0.5,21.9,91.1,21.1,0.0709,-0.858,-0.4,3.8,26,809,0.5,0,0,0
55.1,10,27.4,-0.0966,1.18,0,0,0,0.5,21.9,91.0,21.1,-0.00468,-0.848,-0.4,3.8,26,809,0.5,0,0,0
55.1,10,27.4,-0.0869,1.24,0,0,0,0.5,21.9,91.0,21.1,-0.0917,-0.858,-0.4,3.8,26,809,0.5,0,0,0
55.2,10,27.4,-0.0769,1.37,0,0,0,0.5,21.9,91.0,21.1,-0.195,-0.891,-0.4,3.8,26,809,0.5,0,0,0
55.2,10,27.4,-0.0756,1.42,0,0,0,0.5,22.0,90.9,21.1,-0.328,-0.905,-0.4,3.8,26,809,0.5,0,0,0
55.3,10,27.4,-0.0788,1.38,0,0,0,0.5,22.0,90.9,21.1,-0.464,-0.888,-0.4,3.8,26,809,0.5,0,0,0
55.3,10,27.2,-0.0845,1.25,0,0,0,0.5,22.1,90.9,21.1,-0.602,-0.837,-0.4,3.8,26,809,0.5,0,0,0
55.4,10,27.2,-0.0873,1.12,0,0,0,0.5,22.2,90.9,21.1,-0.732,-0.784,-0.4,3.8,26,809,0.5,0,0,0
55.4,10,27.2,-0.0825,1.1,0,0,0,0.5,22.2,90.9,21.1,-0.836,-0.768,-0.4,3.8,26,809,0.5,0,0,0
55.5,10,27.1,-0.0848,0.968,0,0,0,0.5,22.3,90.9,21.1,-0.958,-0.713,-0.4,3.8,26,809,0.5,0,0,0
55.5,10,27.0,-0.0781,0.728,0,0,0,0.5,22.3,90.8,21.1,-1.05,-0.607,-0.4,3.8,26,809,0.5,0,0,0
55.6,10,27.0,-0.038,0.81,0,0,0,0.5,22.3,90.7,21.1,-1.04,-0.601,-0.4,3.8,26,809,0.5,0,0,0
55.6,10,26.8,-0.00446,0.928,0,0,0,0.5,22.3,90.7,21.1,-1.04,-0.615,-0.4,3.8,26,809,0.5,0,0,0
55.7,10,26.8,0.0182,1.03,0,0,0,0.5,22.3,90.6,21.1,-1.05,-0.63,-0.4,3.8,26,809,0.5,0,0,0
55.7,10,26.6,0.0323,1.09,0,0,0,0.5,22.2,90.6,21.1,-1.06,-0.637,-0.4,3.8,26,809,0.5,0,0,0
55.8,10,26.5,0.0418,1.1,0,0,0,0.5,22.2,90.5,21.1,-1.07,-0.631,-0.4,3.8,26,809,0.5,0,0,0
55.8,10,26.5,0.0523,1.1,0,0,0,0.5,22.2,90.5,21.1,-1.04,-0.618,-0.4,3.8,26,809,0.5,0,0,0
55.9,10,26.5,0.0651,0.939,0,0,0,0.5,22.2,90.5,21.1,-0.985,-0.539,-0.4,3.8,26,809,0.5,0,0,0
55.9,10,26.6,0.0947,0.859,0,0,0,0.5,22.2,90.4,21.1,-0.926,-0.482,-0.4,3.8,26,809,0.5,0,0,0
56.0,10,26.8,0.129,0.874,0,0,0,0.5,22.2,90.3,21.1,-0.883,-0.46,-0.4,3.8,26,809,0.5,0,0,0
56.0,10,26.9,0.153,0.833,0,0,0,0.5,22.3,90.3,21.1,-0.873,-0.425,-0.4,3.8,26,809,0.5,0,0,0
56.1,10,27.0,0.172,0.753,0,0,0,0.5,22.3,90.2,21.1,-0.873,-0.377,-0.4,3.8,26,809,0.5,0,0,0
56.1,10,27.1,0.192,0.659,0,0,0,0.5,22.3,90.2,21.1,-0.874,-0.323,-0.4,3.8,26,809,0.5,0,0,0
56.2,10,27.1,0.217,0.576,0,0,0,0.5,22.4,90.1,21.1,-0.868,-0.271,-0.4,3.8,26,809,0.5,0,0,0
56.2,10,27.2,0.247,0.572,0,0,0,0.5,22.4,90.1,21.1,-0.855,-0.246,-0.4,3.8,26,809,0.5,0,0,0
56.3,10,27.2,0.272,0.563,0,0,0,0.5,22.4,90.0,21.1,-0.853,-0.222,-0.4,3.8,26,809,0.5,0,0,0
56.3,10,27.4,0.293,0.466,0,0,0,0.5,22.4,90.0,21.1,-0.845,-0.166,-0.4,3.8,26,809,0.5,0,0,0
56.4,10,27.4,0.324,0.481,0,0,0,0.5,22.4,89.9,21.1,-0.774,-0.148,-0.4,3.8,26,809,0.5,0,0,0
56.4,10,27.4,0.351,0.496,0,0,0,0.5,22.3,89.8,21.1,-0.674,-0.133,-0.4,3.8,26,809,0.5,0,0,0
56.5,10,27.4,0.372,0.451,0,0,0,0.5,22.3,89.8,21.1,-0.544,-0.0995,-0.4,3.8,26,809,0.5,0,0,0
56.5,10,27.4,0.397,0.391,0,0,0,0.5,22.2,89.8,21.1,-0.367,-0.0565,-0.4,3.8,26,809,0.5,0,0,0
56.6,10,27.4,0.436,0.504,0,0,0,0.5,22.1,89.7,21.1,-0.137,-0.0722,-0.4,3.8,26,809,0.5,0,0,0
56.6,10,27.4,0.471,0.786,0,0,0,0.5,22.0,89.6,21.1,0.0864,-0.158,-0.4,3.8,26,809,0.5,0,0,0
56.7,10,27.4,0.483,1.12,0,0,0,0.5,22.0,89.6,21.1,0.243,-0.282,-0.4,3.8,26,809,0.5,0,0,0
56.7,10,27.4,0.47,1.39,0,0,0,0.5,22.0,89.7,21.1,0.315,-0.4,-0.4,3.8,26,809,0.5,0,0,0
56.8,10,27.5,0.444,1.58,0,0,0,0.5,21.9,89.7,21.1,0.327,-0.494,-0.4,3.8,26,809,0.5,0,0,0
56.8,10,27.5,0.414,1.75,0,0,0,0.5,21.9,89.8,21.1,0.298,-0.584,-0.4,3.8,26,809,0.5,0,0,0
56.9,10,27.6,0.382,1.92,0,0,0,0.5,22.0,89.8,21.1,0.235,-0.678,-0.4,3.8,26,809,0.5,0,0,0
56.9,10,27.6,0.343,1.92,0,0,0,0.5,22.0,89.9,21.1,0.14,-0.71,-0.4,3.8,26,809,0.5,0,0,0
57.0,10,27.6,0.311,1.82,0,0,0,0.5,22.0,90.0,21.1,0.056,-0.696,-0.4,3.8,26,809,0.5,0,0,0
57.0,10,27.5,0.29,1.78,0,0,0,0.5,22.0,90.0,21.1,-0.00486,-0.698,-0.4,3.8,26,809,0.5,0,0,0
57.1,10,27.5,0.273,1.78,0,0,0,0.5,22.1,90.1,21.1,-0.0718,-0.713,-0.4,3.8,26,809,0.5,0,0,0
57.1,10,27.4,0.249,1.68,0,0,0,0.5,22.1,90.1,21.1,-0.187,-0.695,-0.4,3.8,26,809,0.5,0,0,0
57.2,10,27.4,0.226,1.52,0,0,0,0.5,22.2,90.2,21.1,-0.332,-0.649,-0.4,3.8,26,809,0.5,0,0,0
57.2,10,27.4,0.206,1.27,0,0,0,0.5,22.2,90.2,21.1,-0.5,-0.57,-0.4,3.8,26,809,0.5,0,0,0
57.3,10,27.2,0.197,1.01,0,0,0,0.5,22.3,90.2,21.1,-0.669,-0.474,-0.4,3.8,26,809,0.5,0,0,0
57.3,10,27.2,0.202,0.726,0,0,0,0.5,22.4,90.2,21.1,-0.812,-0.356,-0.4,3.8,26,809,0.5,0,0,0
57.4,10,27.1,0.235,0.53,0,0,0,0.5,22.4,90.1,21.1,-0.883,-0.251,-0.4,3.8,26,809,0.5,0,0,0
57.4,10,27.0,0.29,0.545,0,0,0,0.5,22.4,90.0,21.1,-0.895,-0.213,-0.4,3.8,26,809,0.5,0,0,0
57.5,10,26.9,0.348,0.651,0,0,0,0.5,22.4,89.9,21.1,-0.902,-0.209,-0.4,3.8,26,809,0.5,0,0,0
57.5,10,26.9,0.398,0.696,0,0,0,0.5,22.3,89.8,21.1,-0.924,-0.189,-0.4,3.8,26,809,0.5,0,0,0
57.6,10,26.9,0.441,0.714,0,0,0,0.5,22.3,89.7,21.1,-0.95,-0.164,-0.4,3.8,26,809,0.5,0,0,0
57.6,10,26.9,0.482,0.775,0,0,0,0.5,22.3,89.6,21.1,-0.969,-0.159,-0.4,3.8,26,809,0.5,0,0,0
57.7,10,26.9,0.518,0.875,0,0,0,0.5,22.3,89.6,21.1,-0.975,-0.172,-0.4,3.8,26,809,0.5,0,0,0
57.7,10,26.9,0.553,1.1,0,0,0,0.5,22.3,89.5,21.1,-0.965,-0.235,-0.4,3.8,26,809,0.5,0,0,0
57.8,10,27.0,0.574,1.32,0,0,0,0.5,22.3,89.5,21.1,-0.976,-0.313,-0.4,3.8,26,809,0.5,0,0,0
57.8,10,27.1,0.575,1.41,0,0,0,0.5,22.4,89.5,21.1,-1.03,-0.352,-0.4,3.8,26,809,0.5,0,0,0
57.9,10,27.1,0.568,1.37,0,0,0,0.5,22.4,89.5,21.1,-1.1,-0.345,-0.4,3.8,26,809,0.5,0,0,0
57.9,10,27.2,0.559,1.16,0,0,0,0.5,22.5,89.5,21.1,-1.17,-0.275,-0.4,3.8,26,809,0.5,0,0,0
58.0,10,27.2,0.557,0.878,0,0,0,0.5,22.5,89.5,21.1,-1.19,-0.168,-0.4,3.8,26,809,0.5,0,0,0
58.0,10,27.1,0.567,0.695,0,0,0,0.5,22.5,89.5,21.1,-1.17,-0.092,-0.4,3.8,26,809,0.5,0,0,0
58.1,10,27.1,0.578,0.565,0,0,0,0.5,22.5,89.5,21.1,-1.15,-0.0351,-0.4,3.8,26,809,0.5,0,0,0
58.1,10,27.1,0.596,0.51,0,0,0,0.5,22.5,89.5,21.1,-1.12,-0.00282,-0.4,3.8,26,809,0.5,0,0,0
58.2,10,27.2,0.625,0.588,0,0,0,0.5,22.5,89.4,21.1,-1.07,-0.0145,-0.4,3.8,26,809,0.5,0,0,0
58.2,10,27.2,0.66,0.753,0,0,0,0.5,22.4,89.4,21.1,-1.03,-0.0564,-0.4,3.8,26,809,0.5,0,0,0
58.3,10,27.4,0.691,0.893,0,0,0,0.5,22.5,89.3,21.1,-1.01,-0.092,-0.4,3.8,26,809,0.5,0,0,0
58.3,10,27.4,0.715,0.949,0,0,0,0.5,22.5,89.3,21.1,-1.01,-0.101,-0.4,3.8,26,809,0.5,0,0,0
58.4,10,27.5,0.732,0.936,0,0,0,0.5,22.5,89.3,21.1,-1.01,-0.0877,-0.4,3.8,26,809,0.5,0,0,0
58.4,10,27.6,0.746,0.911,0,0,0,0.5,22.5,89.3,21.1,-1.01,-0.0734,-0.4,3.8,26,809,0.5,0,0,0
58.5,10,27.7,0.752,0.871,0,0,0,0.5,22.5,89.3,21.1,-0.998,-0.0587,-0.4,3.8,26,809,0.5,0,0,0
58.5,10,27.7,0.75,0.783,0,0,0,0.5,22.5,89.3,21.1,-0.977,-0.0312,-0.4,3.8,26,809,0.5,0,0,0
58.6,10,27.8,0.746,0.752,0,0,0,0.5,22.5,89.3,21.1,-0.934,-0.0279,-0.4,3.8,26,809,0.5,0,0,0
58.6,10,27.8,0.74,0.81,0,0,0,0.5,22.6,89.3,21.1,-0.888,-0.0612,-0.4,3.8,26,809,0.5,0,0,0
58.7,10,27.8,0.726,0.833,0,0,0,0.5,22.6,89.4,21.1,-0.859,-0.0864,-0.4,3.8,26,809,0.5,0,0,0
58.7,10,27.8,0.71,0.787,0,0,0,0.5,22.6,89.4,21.1,-0.83,-0.0859,-0.4,3.8,26,809,0.5,0,0,0
58.8,10,27.8,0.698,0.756,0,0,0,0.5,22.6,89.5,21.1,-0.79,-0.0874,-0.4,3.8,26,809,0.5,0,0,0
58.8,10,27.8,0.688,0.673,0,0,0,0.5,22.6,89.5,21.1,-0.753,-0.066,-0.4,3.8,26,809,0.5,0,0,0
58.9,10,27.8,0.688,0.579,0,0,0,0.5,22.5,89.5,21.1,-0.697,-0.0317,-0.4,3.8,26,809,0.5,0,0,0
58.9,10,27.8,0.7,0.473,0,0,0,0.5,22.5,89.5,21.1,-0.621,0.0164,-0.4,3.8,26,809,0.5,0,0,0
59.0,10,27.8,0.725,0.452,0,0,0,0.5,22.5,89.4,21.1,-0.52,0.0403,-0.4,3.8,26,809,0.5,0,0,0
59.0,10,27.8,0.759,0.542,0,0,0,0.5,22.4,89.4,21.1,-0.405,0.0272,-0.4,3.8,26,809,0.5,0,0,0
59.1,10,27.8,0.793,0.592,0,0,0,0.5,22.4,89.3,21.1,-0.285,0.0298,-0.4,3.8,26,809,0.5,0,0,0
59.1,10,28.0,0.829,0.519,0,0,0,0.5,22.4,89.3,21.1,-0.14,0.0823,-0.4,3.8,26,809,0.5,0,0,0
59.2,10,28.0,0.881,0.575,0,0,0,0.5,22.3,89.2,21.1,0.0744,0.095,-0.4,3.8,26,809,0.5,0,0,0
59.2,10,28.0,0.928,0.724,0,0,0,0.5,22.3,89.1,21.1,0.294,0.0655,-0.4,3.8,26,809,0.5,0,0,0
59.3,10,28.1,0.952,0.856,0,0,0,0.5,22.2,89.1,21.1,0.472,0.0238,-0.4,3.8,26,809,0.5,0,0,0
59.3,10,28.2,0.943,0.823,0,0,0,0.5,22.2,89.1,21.1,0.591,0.0213,-0.4,3.8,26,809,0.5,0,0,0
59.4,10,28.2,0.917,0.682,0,0,0,0.5,22.2,89.2,21.1,0.679,0.0491,-0.4,3.8,26,809,0.5,0,0,0
59.4,10,28.2,0.892,0.524,0,0,0,0.5,22.1,89.3,21.1,0.772,0.0848,-0.4,3.8,26,809,0.5,0,0,0
59.5,10,28.2,0.876,0.431,0,0,0,0.5,22.0,89.3,21.1,0.883,0.104,-0.4,3.8,26,809,0.5,0,0,0
59.5,10,28.2,0.871,0.414,0,0,0,0.5,22.0,89.3,21.1,1.01,0.101,-0.4,3.8,26,809,0.5,0,0,0
59.6,10,28.2,0.873,0.463,0,0,0,0.5,21.9,89.3,21.1,1.16,0.079,-0.4,3.8,26,809,0.5,0,0,0
59.6,10,28.2,0.881,0.585,0,0,0,0.5,21.9,89.3,21.1,1.32,0.0333,-0.4,3.8,26,809,0.5,0,0,0
59.7,10,28.3,0.889,0.717,0,0,0,0.5,21.8,89.3,21.1,1.49,-0.017,-0.4,3.8,26,809,0.5,0,0,0
59.7,10,28.4,0.895,0.897,0,0,0,0.5,21.7,89.3,21.1,1.65,-0.0859,-0.4,3.8,26,809,0.5,0,0,0
59.8,10,28.4,0.897,1.15,0,0,0,0.5,21.7,89.3,21.1,1.79,-0.186,-0.4,3.8,26,809,0.5,0,0,0
59.8,10,28.4,0.895,1.48,0,0,0,0.5,21.6,89.4,21.1,1.89,-0.317,-0.4,3.8,26,809,0.5,0,0,0
59.9,10,28.6,0.882,1.84,0,0,0,0.5,21.6,89.4,21.1,1.94,-0.467,-0.4,3.8,26,809,0.5,0,0,0
59.9,10,28.7,0.85,2.16,0,0,0,0.5,21.5,89.5,21.1,1.94,-0.615,-0.4,3.8,26,809,0.5,0,0,0
60.0,10,28.7,0.803,2.37,0,0,0,0.5,21.5,89.6,21.1,1.88,-0.734,-0.4,3.8,26,809,0.5,0,0,0
60.0,10,28.7,0.75,2.52,0,0,0,0.5,21.5,89.7,21.1,1.78,-0.832,-0.4,3.8,26,809,0.5,0,0,0
60.1,10,28.7,0.696,2.57,0,0,0,0.5,21.5,89.8,21.1,1.64,-0.894,-0.4,3.8,26,809,0.5,0,0,0
60.1,10,28.6,0.645,2.54,0,0,0,0.5,21.5,89.9,21.1,1.47,-0.921,-0.4,3.8,26,809,0.5,0,0,0
60.2,10,28.4,0.598,2.44,0,0,0,0.5,21.5,90.0,21.1,1.27,-0.921,-0.4,3.8,26,809,0.5,0,0,0
60.2,10,28.4,0.561,2.34,0,0,0,0.5,21.5,90.1,21.1,1.04,-0.911,-0.4,3.8,26,809,0.5,0,0,0
60.3,10,28.3,0.537,2.24,0,0,0,0.5,21.5,90.1,21.1,0.797,-0.893,-0.4,3.8,26,809,0.5,0,0,0
60.3,10,28.2,0.522,2.14,0,0,0,0.5,21.5,90.2,21.1,0.54,-0.865,-0.4,3.8,26,809,0.5,0,0,0
60.4,10,28.2,0.515,2.02,0,0,0,0.5,21.6,90.2,21.1,0.273,-0.824,-0.4,3.8,26,809,0.5,0,0,0
60.4,10,28.1,0.517,1.9,0,0,0,0.5,21.7,90.2,21.1,0.0115,-0.778,-0.4,3.8,26,809,0.5,0,0,0
60.5,10,28.1,0.524,1.79,0,0,0,0.5,21.7,90.1,21.1,-0.25,-0.734,-0.4,3.8,26,809,0.5,0,0,0
60.5,10,28.1,0.532,1.63,0,0,0,0.5,21.8,90.1,21.1,-0.517,-0.668,-0.4,3.8,26,809,0.5,0,0,0
60.6,10,28.0,0.548,1.39,0,0,0,0.5,21.9,90.1,21.1,-0.758,-0.565,-0.4,3.8,26,809,0.5,0,0,0
60.6,10,27.8,0.579,1.13,0,0,0,0.5,22.0,90.0,21.1,-0.937,-0.443,-0.4,3.8,26,809,0.5,0,0,0
60.7,10,27.7,0.622,0.911,0,0,0,0.5,22.1,89.9,21.1,-1.06,-0.326,-0.4,3.8,26,809,0.5,0,0,0
60.7,10,27.6,0.672,0.762,0,0,0,0.5,22.2,89.8,21.1,-1.13,-0.23,-0.4,3.8,26,809,0.5,0,0,0
60.8,10,27.5,0.724,0.693,0,0,0,0.5,22.3,89.7,21.1,-1.16,-0.165,-0.4,3.8,26,809,0.5,0,0,0
60.8,10,27.4,0.776,0.76,0,0,0,0.5,22.3,89.6,21.1,-1.18,-0.154,-0.4,3.8,26,809,0.5,0,0,0
60.9,10,27.2,0.816,0.821,0,0,0,0.5,22.3,89.6,21.1,-1.22,-0.151,-0.4,3.8,26,809,0.5,0,0,0
60.9,10,27.2,0.844,0.762,0,0,0,0.5,22.4,89.5,21.1,-1.28,-0.109,-0.4,3.8,26,809,0.5,0,0,0
61.0,10,27.1,0.872,0.657,0,0,0,0.5,22.4,89.5,21.1,-1.33,-0.0503,-0.4,3.8,26,809,0.5,0,0,0
61.0,10,27.1,0.9,0.585,0,0,0,0.5,22.5,89.4,21.1,-1.39,-0.00457,-0.4,3.8,26,809,0.5,0,0,0
61.1,10,27.0,0.926,0.581,0,0,0,0.5,22.5,89.4,21.1,-1.44,0.0129,-0.4,3.8,26,809,0.5,0,0,0
61.1,10,27.0,0.947,0.643,0,0,0,0.5,22.5,89.4,21.1,-1.53,-0.000355,-0.4,3.8,26,809,0.5,0,0,0
61.2,10,27.0,0.96,0.68,0,0,0,0.5,22.5,89.3,21.1,-1.63,-0.00918,-0.4,3.8,26,809,0.5,0,0,0
61.2,10,27.0,0.979,0.62,0,0,0,0.5,22.5,89.3,21.1,-1.72,0.0257,-0.4,3.8,26,809,0.5,0,0,0
61.3,10,27.0,1.02,0.637,0,0,0,0.5,22.5,89.2,21.1,-1.72,0.0476,-0.4,3.8,26,809,0.5,0,0,0
61.3,10,27.0,1.07,0.659,0,0,0,0.5,22.4,89.1,21.1,-1.67,0.0758,-0.4,3.8,26,809,0.5,0,0,0
61.4,10,27.1,1.13,0.733,0,0,0,0.5,22.4,89.0,21.1,-1.57,0.0848,-0.4,3.8,26,809,0.5,0,0,0
61.4,10,27.1,1.18,0.877,0,0,0,0.5,22.4,89.0,21.1,-1.46,0.0596,-0.4,3.8,26,809,0.5,0,0,0
61.5,10,27.1,1.21,0.943,0,0,0,0.5,22.3,88.9,21.1,-1.37,0.0501,-0.4,3.8,26,809,0.5,0,0,0
61.5,10,27.2,1.24,0.917,0,0,0,0.5,22.3,88.9,21.1,-1.29,0.0685,-0.4,3.8,26,809,0.5,0,0,0
61.6,10,27.2,1.26,0.874,0,0,0,0.5,22.3,88.9,21.1,-1.19,0.0954,-0.4,3.8,26,809,0.5,0,0,0
61.6,10,27.2,1.29,0.939,0,0,0,0.5,22.2,88.8,21.1,-1.06,0.0892,-0.4,3.8,26,809,0.5,0,0,0
61.7,10,27.2,1.34,1.1,0,0,0,0.5,22.2,88.8,21.1,-0.916,0.0512,-0.4,3.8,26,809,0.5,0,0,0
61.7,10,27.2,1.38,1.21,0,0,0,0.5,22.2,88.7,21.1,-0.777,0.0293,-0.4,3.8,26,809,0.5,0,0,0
61.8,10,27.4,1.41,1.17,0,0,0,0.5,22.2,88.7,21.1,-0.634,0.0612,-0.4,3.8,26,809,0.5,0,0,0
61.8,10,27.4,1.46,1.16,0,0,0,0.5,22.1,88.6,21.1,-0.452,0.0887,-0.4,3.8,26,809,0.5,0,0,0
61.9,10,27.4,1.5,1.15,0,0,0,0.5,22.1,88.6,21.1,-0.273,0.112,-0.4,3.8,26,809,0.5,0,0,0
61.9,10,27.5,1.52,1.07,0,0,0,0.5,22.1,88.5,21.1,-0.126,0.15,-0.4,3.8,26,809,0.5,0,0,0
62.0,10,27.5,1.53,1.0,0,0,0,0.5,22.1,88.6,21.1,-0.0081,0.173,-0.4,3.8,26,809,0.5,0,0,0
62.0,10,27.6,1.53,0.956,0,0,0,0.5,22.1,88.6,21.1,0.0723,0.179,-0.4,3.8,26,809,0.5,0,0,0
62.1,10,27.6,1.53,0.876,0,0,0,0.5,22.1,88.6,21.1,0.118,0.199,-0.4,3.8,26,809,0.5,0,0,0
62.1,10,27.6,1.54,0.758,0,0,0,0.5,22.1,88.6,21.1,0.147,0.24,-0.4,3.8,26,809,0.5,0,0,0
62.2,10,27.6,1.56,0.613,0,0,0,0.5,22.0,88.6,21.1,0.168,0.303,-0.4,3.8,26,809,0.5,0,0,0
62.2,10,27.5,1.6,0.513,0,0,0,0.5,22.0,88.5,21.1,0.189,0.361,-0.4,3.8,26,809,0.5,0,0,0
62.3,10,27.5,1.65,0.57,0,0,0,0.5,22.0,88.5,21.1,0.202,0.364,-0.4,3.8,26,809,0.5,0,0,0
62.3,10,27.5,1.69,0.732,0,0,0,0.5,22.0,88.4,21.1,0.185,0.32,-0.4,3.8,26,809,0.5,0,0,0
62.4,10,27.5,1.72,0.912,0,0,0,0.5,22.0,88.4,21.1,0.142,0.257,-0.4,3.8,26,809,0.5,0,0,0
62.4,10,27.5,1.72,1.11,0,0,0,0.5,22.0,88.4,21.1,0.0807,0.177,-0.4,3.8,26,809,0.5,0,0,0
62.5,10,27.5,1.72,1.3,0,0,0,0.5,22.0,88.5,21.1,0.00558,0.0889,-0.4,3.8,26,809,0.5,0,0,0
62.5,10,27.5,1.71,1.37,0,0,0,0.5,22.0,88.5,21.1,-0.0816,0.037,-0.4,3.8,26,809,0.5,0,0,0
62.6,10,27.4,1.69,1.35,0,0,0,0.5,22.0,88.6,21.1,-0.165,0.0168,-0.4,3.8,26,809,0.5,0,0,0
62.6,10,27.4,1.67,1.29,0,0,0,0.5,22.0,88.7,21.1,-0.242,0.0162,-0.4,3.8,26,809,0.5,0,0,0
62.7,10,27.2,1.65,1.14,0,0,0,0.5,21.9,88.7,21.1,-0.312,0.0514,-0.4,3.8,26,809,0.5,0,0,0
62.7,10,27.1,1.64,0.977,0,0,0,0.5,21.9,88.8,21.1,-0.36,0.0996,-0.4,3.8,26,809,0.5,0,0,0
62.8,10,27.0,1.65,0.9,0,0,0,0.5,21.9,88.8,21.1,-0.38,0.126,-0.4,3.8,26,809,0.5,0,0,0
62.8,10,26.9,1.68,0.945,0,0,0,0.5,21.8,88.7,21.1,-0.378,0.119,-0.4,3.8,26,809,0.5,0,0,0
62.9,10,26.6,1.71,1.18,0,0,0,0.5,21.8,88.7,21.1,-0.371,0.0497,-0.4,3.8,26,809,0.5,0,0,0
62.9,10,26.6,1.75,1.46,0,0,0,0.5,21.8,88.7,21.1,-0.392,-0.0452,-0.4,3.8,26,809,0.5,0,0,0
63.0,10,26.6,1.77,1.69,0,0,0,0.5,21.8,88.6,21.1,-0.45,-0.126,-0.4,3.8,26,809,0.5,0,0,0
63.0,10,26.6,1.78,1.79,0,0,0,0.5,21.8,88.7,21.1,-0.543,-0.172,-0.4,3.8,26,809,0.5,0,0,0
63.1,10,26.6,1.77,1.79,0,0,0,0.5,21.9,88.7,21.1,-0.663,-0.187,-0.4,3.8,26,809,0.5,0,0,0
63.1,10,26.6,1.76,1.65,0,0,0,0.5,21.9,88.7,21.1,-0.799,-0.15,-0.4,3.8,26,809,0.5,0,0,0
63.2,10,26.6,1.76,1.51,0,0,0,0.5,22.0,88.8,21.1,-0.932,-0.105,-0.4,3.8,26,809,0.5,0,0,0
63.2,10,26.6,1.76,1.35,0,0,0,0.5,22.0,88.8,21.1,-1.07,-0.0579,-0.4,3.8,26,809,0.5,0,0,0
63.3,10,26.6,1.75,1.21,0,0,0,0.5,22.1,88.8,21.1,-1.2,-0.015,-0.4,3.8,26,809,0.5,0,0,0
63.3,10,26.5,1.75,1.06,0,0,0,0.5,22.1,88.9,21.1,-1.31,0.0318,-0.4,3.8,26,809,0.5,0,0,0
63.4,10,26.4,1.76,0.901,0,0,0,0.5,22.1,88.9,21.1,-1.37,0.0928,-0.4,3.8,26,809,0.5,0,0,0
63.4,10,26.3,1.78,0.766,0,0,0,0.5,22.1,88.8,21.1,-1.37,0.157,-0.4,3.8,26,809,0.5,0,0,0
63.5,10,26.2,1.82,0.805,0,0,0,0.5,22.1,88.8,21.1,-1.31,0.164,-0.4,3.8,26,809,0.5,0,0,0
63.5,10,26.0,1.86,0.945,0,0,0,0.5,22.0,88.7,21.1,-1.24,0.129,-0.4,3.8,26,809,0.5,0,0,0
63.6,10,26.0,1.89,1.06,0,0,0,0.5,22.0,88.7,21.1,-1.2,0.0942,-0.4,3.8,26,809,0.5,0,0,0
63.6,10,26.0,1.9,1.1,0,0,0,0.5,22.0,88.7,21.1,-1.18,0.0764,-0.4,3.8,26,809,0.5,0,0,0
63.7,10,26.0,1.91,1.09,0,0,0,0.5,21.9,88.7,21.1,-1.17,0.0759,-0.4,3.8,26,809,0.5,0,0,0
63.7,10,26.0,1.92,1.07,0,0,0,0.5,21.9,88.7,21.1,-1.17,0.0808,-0.4,3.8,26,809,0.5,0,0,0
63.8,10,26.0,1.93,1.16,0,0,0,0.5,21.9,88.7,21.1,-1.16,0.0435,-0.4,3.8,26,809,0.5,0,0,0
63.8,10,26.2,1.93,1.33,0,0,0,0.5,21.8,88.7,21.1,-1.17,-0.0284,-0.4,3.8,26,809,0.5,0,0,0
63.9,10,26.2,1.93,1.56,0,0,0,0.5,21.9,88.8,21.1,-1.19,-0.132,-0.4,3.8,26,809,0.5,0,0,0
63.9,10,26.3,1.91,1.75,0,0,0,0.5,21.9,88.8,21.1,-1.24,-0.229,-0.4,3.8,26,809,0.5,0,0,0
64.0,10,26.4,1.87,1.77,0,0,0,0.5,22.0,88.9,21.1,-1.3,-0.268,-0.4,3.8,26,809,0.5,0,0,0
64.0,10,26.4,1.85,1.69,0,0,0,0.5,22.0,89.0,21.1,-1.32,-0.269,-0.4,3.8,26,809,0.5,0,0,0
64.1,10,26.4,1.81,1.57,0,0,0,0.5,22.0,89.1,21.1,-1.31,-0.256,-0.4,3.8,26,809,0.5,0,0,0
64.1,10,26.4,1.78,1.46,0,0,0,0.5,22.1,89.2,21.1,-1.29,-0.249,-0.4,3.8,26,809,0.5,0,0,0
64.2,10,26.4,1.72,1.14,0,0,0,0.5,22.1,89.3,21.1,-1.32,-0.174,-0.4,3.8,26,809,0.5,0,0,0
64.2,10,26.4,1.68,0.821,0,0,0,0.5,22.1,89.4,21.1,-1.3,-0.0902,-0.4,3.8,26,809,0.5,0,0,0
64.3,10,26.3,1.66,0.626,0,0,0,0.5,22.1,89.5,21.1,-1.22,-0.034,-0.4,3.8,26,809,0.5,0,0,0
64.3,10,26.3,1.66,0.562,0,0,0,0.5,22.1,89.5,21.1,-1.11,-0.0122,-0.4,3.8,26,809,0.5,0,0,0
64.4,10,26.2,1.67,0.608,0,0,0,0.5,22.1,89.5,21.1,-0.98,-0.0262,-0.4,3.8,26,809,0.5,0,0,0
64.4,10,26.2,1.67,0.676,0,0,0,0.5,22.2,89.5,21.1,-0.867,-0.0521,-0.4,3.8,26,809,0.5,0,0,0
64.5,10,26.2,1.67,0.771,0,0,0,0.5,22.2,89.5,21.1,-0.784,-0.0975,-0.4,3.8,26,809,0.5,0,0,0
64.5,10,26.3,1.65,0.887,0,0,0,0.5,22.2,89.5,21.1,-0.753,-0.166,-0.4,3.8,26,809,0.5,0,0,0
64.6,10,26.3,1.6,0.91,0,0,0,0.5,22.3,89.6,21.1,-0.778,-0.214,-0.4,3.8,26,809,0.5,0,0,0
64.6,10,26.3,1.55,0.867,0,0,0,0.5,22.3,89.8,21.1,-0.827,-0.244,-0.4,3.8,26,809,0.5,0,0,0
64.7,10,26.3,1.49,0.864,0,0,0,0.5,22.4,89.9,21.1,-0.883,-0.289,-0.4,3.8,26,809,0.5,0,0,0
64.7,10,26.3,1.43,0.786,0,0,0,0.5,22.5,90.0,21.1,-0.958,-0.306,-0.4,3.8,26,809,0.5,0,0,0
64.8,10,26.3,1.38,0.549,0,0,0,0.5,22.5,90.1,21.1,-1.03,-0.254,-0.4,3.8,26,809,0.5,0,0,0
64.8,10,26.2,1.35,0.317,0,0,0,0.5,22.5,90.2,21.1,-1.03,-0.186,-0.4,3.8,26,809,0.5,0,0,0
64.9,10,26.0,1.34,0.443,0,0,0,0.5,22.5,90.2,21.1,-0.947,-0.238,-0.4,3.8,26,809,0.5,0,0,0
64.9,10,25.9,1.32,0.343,0,0,0,0.5,22.5,90.2,21.1,-0.905,-0.212,-0.4,3.8,26,809,0.5,0,0,0
65.0,10,25.9,1.32,0.214,0,0,0,0.5,22.4,90.2,21.1,-0.818,-0.16,-0.4,3.8,26,809,0.5,0,0,0
65.0,10,25.8,1.34,0.165,0,0,0,0.5,22.4,90.1,21.1,-0.663,-0.119,-0.4,3.8,26,809,0.5,0,0,0
65.1,10,25.8,1.39,0.293,0,0,0,0.5,22.3,90.1,21.1,-0.451,-0.135,-0.4,3.8,26,809,0.5,0,0,0
65.1,10,25.8,1.43,0.483,0,0,0,0.5,22.3,90.0,21.1,-0.243,-0.177,-0.4,3.8,26,809,0.5,0,0,0
65.2,10,25.8,1.45,0.528,0,0,0,0.5,22.2,89.9,21.1,-0.0633,-0.174,-0.4,3.8,26,809,0.5,0,0,0
65.2,10,25.8,1.48,0.484,0,0,0,0.5,22.2,89.9,21.1,0.122,-0.137,-0.4,3.8,26,809,0.5,0,0,0
65.3,10,25.8,1.51,0.578,0,0,0,0.5,22.1,89.8,21.1,0.336,-0.148,-0.4,3.8,26,809,0.5,0,0,0
65.3,10,25.8,1.54,0.804,0,0,0,0.5,22.1,89.8,21.1,0.538,-0.217,-0.4,3.8,26,809,0.5,0,0,0
65.4,10,25.9,1.54,1.03,0,0,0,0.5,22.0,89.8,21.1,0.678,-0.308,-0.4,3.8,26,809,0.5,0,0,0
65.4,10,25.9,1.5,1.23,0,0,0,0.5,22.0,89.8,21.1,0.75,-0.414,-0.4,3.8,26,809,0.5,0,0,0
65.5,10,26.0,1.45,1.41,0,0,0,0.5,22.0,90.0,21.1,0.777,-0.524,-0.4,3.8,26,809,0.5,0,0,0
65.5,10,26.0,1.39,1.55,0,0,0,0.5,22.1,90.1,21.1,0.774,-0.629,-0.4,3.8,26,809,0.5,0,0,0
65.6,10,26.0,1.33,1.62,0,0,0,0.5,22.1,90.2,21.1,0.747,-0.705,-0.4,3.8,26,809,0.5,0,0,0
65.6,10,25.9,1.26,1.45,0,0,0,0.5,22.1,90.3,21.1,0.7,-0.687,-0.4,3.8,26,809,0.5,0,0,0
65.7,10,25.9,1.21,1.16,0,0,0,0.5,22.1,90.4,21.1,0.683,-0.61,-0.4,3.8,26,809,0.5,0,0,0
65.7,10,25.8,1.19,0.907,0,0,0,0.5,22.1,90.5,21.1,0.705,-0.525,-0.4,3.8,26,809,0.5,0,0,0
65.8,10,25.7,1.18,0.63,0,0,0,0.5,22.1,90.5,21.1,0.759,-0.417,-0.4,3.8,26,809,0.5,0,0,0
65.8,10,25.6,1.2,0.507,0,0,0,0.5,22.0,90.4,21.1,0.856,-0.352,-0.4,3.8,26,809,0.5,0,0,0
65.9,10,25.6,1.23,0.67,0,0,0,0.5,22.0,90.3,21.1,0.969,-0.389,-0.4,3.8,26,809,0.5,0,0,0
65.9,10,25.6,1.25,0.9,0,0,0,0.5,22.0,90.3,21.1,1.04,-0.462,-0.4,3.8,26,809,0.5,0,0,0
66.0,10,25.6,1.25,1.1,0,0,0,0.5,21.9,90.3,21.1,1.05,-0.537,-0.4,3.8,26,809,0.5,0,0,0
66.0,10,25.7,1.24,1.25,0,0,0,0.5,21.9,90.3,21.1,0.994,-0.602,-0.4,3.8,26,809,0.5,0,0,0
66.1,10,25.7,1.21,1.34,0,0,0,0.5,21.9,90.4,21.1,0.899,-0.652,-0.4,3.8,26,809,0.5,0,0,0
66.1,10,25.8,1.18,1.39,0,0,0,0.5,21.9,90.4,21.1,0.768,-0.693,-0.4,3.8,26,809,0.5,0,0,0
66.2,10,25.8,1.14,1.39,0,0,0,0.5,22.0,90.5,21.1,0.609,-0.724,-0.4,3.8,26,809,0.5,0,0,0
66.2,10,25.8,1.09,1.34,0,0,0,0.5,22.0,90.6,21.1,0.431,-0.74,-0.4,3.8,26,809,0.5,0,0,0
66.3,10,25.8,1.04,1.27,0,0,0,0.5,22.1,90.7,21.1,0.233,-0.755,-0.4,3.8,26,809,0.5,0,0,0
66.3,10,25.8,0.974,1.24,0,0,0,0.5,22.2,90.8,21.1,0.0123,-0.789,-0.4,3.8,26,809,0.5,0,0,0
66.4,10,25.7,0.906,1.18,0,0,0,0.5,22.2,90.9,21.1,-0.228,-0.812,-0.4,3.8,26,809,0.5,0,0,0
66.4,10,25.6,0.839,1.02,0,0,0,0.5,22.3,91.0,21.1,-0.474,-0.795,-0.4,3.8,26,809,0.5,0,0,0
66.5,10,25.6,0.79,1.0,0,0,0,0.5,22.4,91.1,21.1,-0.701,-0.822,-0.4,3.8,26,809,0.5,0,0,0
66.5,10,25.3,0.75,0.979,0,0,0,0.5,22.4,91.2,21.1,-0.935,-0.836,-0.4,3.8,26,809,0.5,0,0,0
66.6,10,25.2,0.725,0.926,0,0,0,0.5,22.5,91.2,21.1,-1.13,-0.826,-0.4,3.8,26,809,0.5,0,0,0
66.6,10,25.1,0.72,0.848,0,0,0,0.5,22.5,91.2,21.1,-1.26,-0.79,-0.4,3.8,26,809,0.5,0,0,0
66.7,10,25.0,0.733,0.743,0,0,0,0.5,22.5,91.1,21.1,-1.31,-0.728,-0.4,3.8,26,809,0.5,0,0,0
66.7,10,24.8,0.759,0.542,0,0,0,0.5,22.5,91.0,21.1,-1.28,-0.62,-0.4,3.8,26,809,0.5,0,0,0
66.8,10,24.8,0.8,0.487,0,0,0,0.5,22.5,90.9,21.1,-1.21,-0.559,-0.4,3.8,26,809,0.5,0,0,0
66.8,10,24.8,0.837,0.402,0,0,0,0.5,22.6,90.8,21.1,-1.13,-0.489,-0.4,3.8,26,809,0.5,0,0,0
66.9,10,24.8,0.87,0.333,0,0,0,0.5,22.6,90.8,21.1,-1.03,-0.431,-0.4,3.8,26,809,0.5,0,0,0
66.9,10,24.8,0.897,0.287,0,0,0,0.5,22.7,90.7,21.1,-0.934,-0.387,-0.4,3.8,26,809,0.5,0,0,0
67.0,10,24.8,0.917,0.21,0,0,0,0.5,22.7,90.6,21.1,-0.841,-0.336,-0.4,3.8,26,809,0.5,0,0,0
67.0,10,24.8,0.933,0.102,0,0,0,0.5,22.8,90.6,21.1,-0.75,-0.276,-0.4,3.8,26,809,0.5,0,0,0
67.1,10,24.8,0.948,0.0988,0,0,0,0.5,22.7,90.6,21.1,-0.642,-0.258,-0.4,3.8,26,809,0.5,0,0,0
67.1,10,24.7,0.959,0.285,0,0,0,0.5,22.7,90.5,21.1,-0.534,-0.321,-0.4,3.8,26,809,0.5,0,0,0
67.2,10,24.7,0.945,0.374,0,0,0,0.5,22.7,90.5,21.1,-0.497,-0.363,-0.4,3.8,26,809,0.5,0,0,0
67.2,10,24.8,0.921,0.235,0,0,0,0.5,22.8,90.6,21.1,-0.484,-0.322,-0.4,3.8,26,809,0.5,0,0,0
67.3,10,24.8,0.919,0.0731,0,0,0,0.5,22.7,90.6,21.1,-0.402,-0.253,-0.4,3.8,26,809,0.5,0,0,0
67.3,10,24.8,0.938,-0.0127,0,0,0,0.5,22.7,90.5,21.1,-0.252,-0.197,-0.4,3.8,26,809,0.5,0,0,0
67.4,10,24.8,0.966,-0.0262,0,0,0,0.5,22.6,90.4,21.1,-0.0694,-0.166,-0.4,3.8,26,809,0.5,0,0,0
67.4,10,24.8,0.989,0.11,0,0,0,0.5,22.6,90.4,21.1,0.11,-0.199,-0.4,3.8,26,809,0.5,0,0,0
67.5,10,24.8,0.995,0.376,0,0,0,0.5,22.5,90.4,21.1,0.228,-0.297,-0.4,3.8,26,809,0.5,0,0,0
67.5,10,24.8,0.979,0.632,0,0,0,0.5,22.5,90.4,21.1,0.254,-0.408,-0.4,3.8,26,809,0.5,0,0,0
67.6,10,24.8,0.952,0.812,0,0,0,0.5,22.4,90.5,21.1,0.206,-0.496,-0.4,3.8,26,809,0.5,0,0,0
67.6,10,25.0,0.922,0.97,0,0,0,0.5,22.4,90.5,21.1,0.113,-0.578,-0.4,3.8,26,809,0.5,0,0,0
67.7,10,25.0,0.893,1.15,0,0,0,0.5,22.4,90.6,21.1,-0.0114,-0.667,-0.4,3.8,26,809,0.5,0,0,0
67.7,10,25.1,0.86,1.34,0,0,0,0.5,22.5,90.6,21.1,-0.166,-0.765,-0.4,3.8,26,809,0.5,0,0,0
67.8,10,25.2,0.816,1.35,0,0,0,0.5,22.5,90.7,21.1,-0.357,-0.8,-0.4,3.8,26,809,0.5,0,0,0
67.8,10,25.2,0.775,1.26,0,0,0,0.5,22.6,90.8,21.1,-0.541,-0.794,-0.4,3.8,26,809,0.5,0,0,0
67.9,10,25.2,0.738,1.03,0,0,0,0.5,22.7,90.8,21.1,-0.726,-0.73,-0.4,3.8,26,809,0.5,0,0,0
67.9,10,25.2,0.717,0.828,0,0,0,0.5,22.7,90.8,21.1,-0.88,-0.659,-0.4,3.8,26,809,0.5,0,0,0
68.0,10,25.1,0.71,0.612,0,0,0,0.5,22.8,90.8,21.1,-0.988,-0.573,-0.4,3.8,26,809,0.5,0,0,0
68.0,10,25.1,0.716,0.509,0,0,0,0.5,22.8,90.8,21.1,-1.06,-0.521,-0.4,3.8,26,809,0.5,0,0,0
68.1,10,25.0,0.724,0.459,0,0,0,0.5,22.8,90.8,21.1,-1.11,-0.489,-0.4,3.8,26,809,0.5,0,0,0
68.1,10,25.0,0.733,0.343,0,0,0,0.5,22.9,90.7,21.1,-1.15,-0.429,-0.4,3.8,26,809,0.5,0,0,0
68.2,10,24.8,0.758,0.267,0,0,0,0.5,22.9,90.7,21.1,-1.13,-0.371,-0.4,3.8,26,809,0.5,0,0,0
68.2,10,24.7,0.801,0.314,0,0,0,0.5,22.9,90.6,21.1,-1.06,-0.35,-0.4,3.8,26,809,0.5,0,0,0
68.3,10,24.7,0.847,0.517,0,0,0,0.5,22.9,90.5,21.1,-0.999,-0.391,-0.4,3.8,26,809,0.5,0,0,0
68.3,10,24.6,0.874,0.695,0,0,0,0.5,22.9,90.4,21.1,-0.989,-0.439,-0.4,3.8,26,809,0.5,0,0,0
68.4,10,24.7,0.879,0.712,0,0,0,0.5,22.9,90.4,21.1,-1.04,-0.441,-0.4,3.8,26,809,0.5,0,0,0
68.4,10,24.7,0.873,0.569,0,0,0,0.5,23.0,90.4,21.1,-1.1,-0.384,-0.4,3.8,26,809,0.5,0,0,0
68.5,10,24.6,0.882,0.516,0,0,0,0.5,23.0,90.4,21.1,-1.11,-0.351,-0.4,3.8,26,809,0.5,0,0,0
68.5,10,24.6,0.907,0.622,0,0,0,0.5,23.0,90.3,21.1,-1.06,-0.371,-0.4,3.8,26,809,0.5,0,0,0
68.6,10,24.6,0.931,0.824,0,0,0,0.5,23.0,90.3,21.1,-0.992,-0.431,-0.4,3.8,26,809,0.5,0,0,0
68.6,10,24.5,0.939,1.06,0,0,0,0.5,22.9,90.2,21.1,-0.949,-0.517,-0.4,3.8,26,809,0.5,0,0,0
68.7,10,24.5,0.925,1.13,0,0,0,0.5,22.9,90.3,21.1,-0.953,-0.557,-0.4,3.8,26,809,0.5,0,0,0
68.7,10,24.5,0.901,0.904,0,0,0,0.5,22.9,90.3,21.1,-0.978,-0.481,-0.4,3.8,26,809,0.5,0,0,0
68.8,10,24.4,0.902,0.617,0,0,0,0.5,22.9,90.3,21.1,-0.936,-0.361,-0.4,3.8,26,809,0.5,0,0,0
68.8,10,24.4,0.924,0.283,0,0,0,0.5,22.9,90.2,21.1,-0.836,-0.206,-0.4,3.8,26,809,0.5,0,0,0
68.9,10,24.4,0.969,0.158,0,0,0,0.5,22.8,90.1,21.1,-0.683,-0.117,-0.4,3.8,26,809,0.5,0,0,0
68.9,10,24.2,1.02,0.273,0,0,0,0.5,22.7,90.0,21.1,-0.536,-0.123,-0.4,3.8,26,809,0.5,0,0,0
69.0,10,24.4,1.06,0.473,0,0,0,0.5,22.7,90.0,21.1,-0.437,-0.17,-0.4,3.8,26,809,0.5,0,0,0
69.0,10,24.4,1.1,0.729,0,0,0,0.5,22.6,89.9,21.1,-0.378,-0.241,-0.4,3.8,26,809,0.5,0,0,0
69.1,10,24.5,1.14,1.05,0,0,0,0.5,22.6,89.8,21.1,-0.35,-0.34,-0.4,3.8,26,809,0.5,0,0,0
69.1,10,24.6,1.16,1.33,0,0,0,0.5,22.6,89.8,21.1,-0.361,-0.435,-0.4,3.8,26,809,0.5,0,0,0
69.2,10,24.8,1.15,1.42,0,0,0,0.5,22.7,89.8,21.1,-0.426,-0.482,-0.4,3.8,26,809,0.5,0,0,0
69.2,10,25.0,1.12,1.4,0,0,0,0.5,22.7,89.9,21.1,-0.519,-0.499,-0.4,3.8,26,809,0.5,0,0,0
69.3,10,25.2,1.08,1.32,0,0,0,0.5,22.8,89.9,21.1,-0.624,-0.5,-0.4,3.8,26,809,0.5,0,0,0
69.3,10,25.2,1.04,1.2,0,0,0,0.5,22.9,90.0,21.1,-0.732,-0.489,-0.4,3.8,26,809,0.5,0,0,0
69.4,10,25.3,0.99,1.02,0,0,0,0.5,22.9,90.1,21.1,-0.837,-0.459,-0.4,3.8,26,809,0.5,0,0,0
69.4,10,25.3,0.937,0.773,0,0,0,0.5,23.0,90.2,21.1,-0.936,-0.403,-0.4,3.8,26,809,0.5,0,0,0
69.5,10,25.3,0.888,0.537,0,0,0,0.5,23.0,90.3,21.1,-1.01,-0.345,-0.4,3.8,26,809,0.5,0,0,0
69.5,10,25.2,0.85,0.395,0,0,0,0.5,23.0,90.4,21.1,-1.07,-0.315,-0.4,3.8,26,809,0.5,0,0,0
69.6,10,25.1,0.818,0.327,0,0,0,0.5,23.0,90.4,21.1,-1.11,-0.311,-0.4,3.8,26,809,0.5,0,0,0
69.6,10,25.1,0.794,0.371,0,0,0,0.5,23.0,90.5,21.1,-1.17,-0.344,-0.4,3.8,26,809,0.5,0,0,0
69.7,10,25.1,0.777,0.474,0,0,0,0.5,23.0,90.5,21.1,-1.24,-0.396,-0.4,3.8,26,809,0.5,0,0,0
69.7,10,25.1,0.764,0.534,0,0,0,0.5,23.1,90.5,21.1,-1.33,-0.425,-0.4,3.8,26,809,0.5,0,0,0
69.8,10,25.2,0.763,0.617,0,0,0,0.5,23.1,90.5,21.1,-1.41,-0.456,-0.4,3.8,26,809,0.5,0,0,0
69.8,10,25.2,0.765,0.648,0,0,0,0.5,23.1,90.5,21.1,-1.48,-0.463,-0.4,3.8,26,809,0.5,0,0,0
69.9,10,25.2,0.767,0.599,0,0,0,0.5,23.1,90.5,21.1,-1.55,-0.438,-0.4,3.8,26,809,0.5,0,0,0
69.9,10,25.2,0.772,0.519,0,0,0,0.5,23.2,90.5,21.1,-1.59,-0.397,-0.4,3.8,26,809,0.5,0,0,0
70.0,10,25.2,0.784,0.413,0,0,0,0.5,23.2,90.4,21.1,-1.58,-0.34,-0.4,3.8,26,809,0.5,0,0,0
70.0,10,25.2,0.806,0.455,0,0,0,0.5,23.2,90.4,21.1,-1.53,-0.337,-0.4,3.8,26,809,0.5,0,0,0
70.1,10,25.2,0.818,0.586,0,0,0,0.5,23.2,90.3,21.1,-1.49,-0.38,-0.4,3.8,26,809,0.5,0,0,0
70.1,10,25.2,0.804,0.562,0,0,0,0.5,23.3,90.4,21.1,-1.5,-0.379,-0.4,3.8,26,809,0.5,0,0,0
70.2,10,25.2,0.781,0.398,0,0,0,0.5,23.3,90.4,21.1,-1.5,-0.327,-0.4,3.8,26,809,0.5,0,0,0
70.2,10,25.1,0.774,0.138,0,0,0,0.5,23.3,90.4,21.1,-1.44,-0.221,-0.4,3.8,26,809,0.5,0,0,0
70.3,10,25.1,0.798,-0.0564,0,0,0,0.5,23.3,90.3,21.1,-1.3,-0.119,-0.4,3.8,26,809,0.5,0,0,0
70.3,10,25.0,0.838,-0.151,0,0,0,0.5,23.2,90.3,21.1,-1.11,-0.0444,-0.4,3.8,26,809,0.5,0,0,0
70.4,10,25.0,0.878,-0.209,0,0,0,0.5,23.2,90.2,21.1,-0.915,0.0136,-0.4,3.8,26,809,0.5,0,0,0
70.4,10,25.0,0.913,-0.369,0,0,0,0.5,23.1,90.1,21.1,-0.713,0.109,-0.4,3.8,26,809,0.5,0,0,0
70.5,10,25.1,0.965,-0.331,0,0,0,0.5,23.0,90.0,21.1,-0.464,0.135,-0.4,3.8,26,809,0.5,0,0,0
70.5,10,25.1,1.01,-0.182,0,0,0,0.5,23.0,89.9,21.1,-0.224,0.114,-0.4,3.8,26,809,0.5,0,0,0
70.6,10,25.2,1.05,0.0488,0,0,0,0.5,22.9,89.8,21.1,-0.0111,0.0514,-0.4,3.8,26,809,0.5,0,0,0
70.6,10,25.3,1.08,0.38,0,0,0,0.5,22.9,89.8,21.1,0.157,-0.0665,-0.4,3.8,26,809,0.5,0,0,0
70.7,10,25.6,1.07,0.599,0,0,0,0.5,22.9,89.8,21.1,0.248,-0.164,-0.4,3.8,26,809,0.5,0,0,0
70.7,10,25.7,1.04,0.624,0,0,0,0.5,22.9,89.9,21.1,0.29,-0.198,-0.4,3.8,26,809,0.5,0,0,0
70.8,10,25.8,1.01,0.572,0,0,0,0.5,22.8,89.9,21.1,0.32,-0.201,-0.4,3.8,26,809,0.5,0,0,0
70.8,10,25.8,0.991,0.545,0,0,0,0.5,22.8,90.0,21.1,0.342,-0.207,-0.4,3.8,26,809,0.5,0,0,0
70.9,10,25.8,0.974,0.576,0,0,0,0.5,22.7,90.0,21.1,0.343,-0.232,-0.4,3.8,26,809,0.5,0,0,0
70.9,10,25.8,0.958,0.61,0,0,0,0.5,22.7,90.0,21.1,0.314,-0.258,-0.4,3.8,26,809,0.5,0,0,0
71.0,10,25.7,0.943,0.605,0,0,0,0.5,22.6,90.1,21.1,0.264,-0.266,-0.4,3.8,26,809,0.5,0,0,0
71.0,10,25.7,0.941,0.725,0,0,0,0.5,22.6,90.1,21.1,0.217,-0.314,-0.4,3.8,26,809,0.5,0,0,0
71.1,10,25.7,0.942,0.928,0,0,0,0.5,22.5,90.1,21.1,0.158,-0.391,-0.4,3.8,26,809,0.5,0,0,0
71.1,10,25.8,0.945,1.15,0,0,0,0.5,22.5,90.1,21.1,0.0893,-0.474,-0.4,3.8,26,809,0.5,0,0,0
71.2,10,25.8,0.948,1.37,0,0,0,0.5,22.5,90.1,21.1,0.0205,-0.557,-0.4,3.8,26,809,0.5,0,0,0
71.2,10,25.9,0.949,1.54,0,0,0,0.5,22.5,90.1,21.1,-0.0589,-0.623,-0.4,3.8,26,809,0.5,0,0,0
71.3,10,26.0,0.943,1.61,0,0,0,0.5,22.5,90.1,21.1,-0.156,-0.658,-0.4,3.8,26,809,0.5,0,0,0
71.3,10,26.0,0.93,1.6,0,0,0,0.5,22.5,90.1,21.1,-0.264,-0.664,-0.4,3.8,26,809,0.5,0,0,0
71.4,10,26.2,0.913,1.59,0,0,0,0.5,22.5,90.1,21.1,-0.379,-0.671,-0.4,3.8,26,809,0.5,0,0,0
71.4,10,26.2,0.891,1.62,0,0,0,0.5,22.5,90.2,21.1,-0.499,-0.698,-0.4,3.8,26,809,0.5,0,0,0
71.5,10,26.0,0.868,1.71,0,0,0,0.5,22.5,90.2,21.1,-0.625,-0.755,-0.4,3.8,26,809,0.5,0,0,0
71.5,10,26.0,0.844,1.76,0,0,0,0.5,22.6,90.3,21.1,-0.761,-0.793,-0.4,3.8,26,809,0.5,0,0,0
71.6,10,26.0,0.824,1.67,0,0,0,0.5,22.6,90.3,21.1,-0.897,-0.77,-0.4,3.8,26,809,0.5,0,0,0
71.6,10,25.9,0.819,1.55,0,0,0,0.5,22.7,90.3,21.1,-1.02,-0.726,-0.4,3.8,26,809,0.5,0,0,0
71.7,10,25.8,0.822,1.36,0,0,0,0.5,22.8,90.3,21.1,-1.14,-0.649,-0.4,3.8,26,809,0.5,0,0,0
71.7,10,25.8,0.831,1.0,0,0,0,0.5,22.8,90.2,21.1,-1.26,-0.496,-0.4,3.8,26,809,0.5,0,0,0
71.8,10,25.7,0.858,0.685,0,0,0,0.5,22.8,90.2,21.1,-1.33,-0.346,-0.4,3.8,26,809,0.5,0,0,0
71.8,10,25.6,0.899,0.445,0,0,0,0.5,22.8,90.1,21.1,-1.35,-0.216,-0.4,3.8,26,809,0.5,0,0,0
71.9,10,25.6,0.948,0.216,0,0,0,0.5,22.8,90.0,21.1,-1.34,-0.0838,-0.4,3.8,26,809,0.5,0,0,0
71.9,10,25.6,1.01,0.128,0,0,0,0.5,22.8,89.9,21.1,-1.26,0.00212,-0.4,3.8,26,809,0.5,0,0,0
72.0,10,25.6,1.08,0.106,0,0,0,0.5,22.8,89.7,21.1,-1.15,0.0611,-0.4,3.8,26,809,0.5,0,0,0
72.0,10,25.6,1.14,0.231,0,0,0,0.5,22.7,89.6,21.1,-1.03,0.059,-0.4,3.8,26,809,0.5,0,0,0
72.1,10,25.6,1.19,0.476,0,0,0,0.5,22.7,89.5,21.1,-0.917,-0.00351,-0.4,3.8,26,809,0.5,0,0,0
72.1,10,25.7,1.21,0.675,0,0,0,0.5,22.7,89.5,21.1,-0.86,-0.0703,-0.4,3.8,26,809,0.5,0,0,0
72.2,10,25.8,1.2,0.762,0,0,0,0.5,22.6,89.5,21.1,-0.85,-0.115,-0.4,3.8,26,809,0.5,0,0,0
72.2,10,25.9,1.18,0.826,0,0,0,0.5,22.6,89.6,21.1,-0.857,-0.161,-0.4,3.8,26,809,0.5,0,0,0
72.3,10,26.0,1.16,0.842,0,0,0,0.5,22.6,89.6,21.1,-0.863,-0.191,-0.4,3.8,26,809,0.5,0,0,0
72.3,10,26.0,1.14,0.851,0,0,0,0.5,22.5,89.7,21.1,-0.842,-0.212,-0.4,3.8,26,809,0.5,0,0,0
72.4,10,26.0,1.12,0.886,0,0,0,0.5,22.5,89.7,21.1,-0.792,-0.238,-0.4,3.8,26,809,0.5,0,0,0
72.4,10,26.0,1.12,0.935,0,0,0,0.5,22.5,89.7,21.1,-0.709,-0.264,-0.4,3.8,26,809,0.5,0,0,0
72.5,10,26.0,1.11,0.925,0,0,0,0.5,22.4,89.7,21.1,-0.597,-0.264,-0.4,3.8,26,809,0.5,0,0,0
72.5,10,26.0,1.11,0.903,0,0,0,0.5,22.4,89.7,21.1,-0.458,-0.255,-0.4,3.8,26,809,0.5,0,0,0
72.6,10,26.2,1.12,0.905,0,0,0,0.5,22.3,89.7,21.1,-0.304,-0.254,-0.4,3.8,26,809,0.5,0,0,0
72.6,10,26.2,1.12,1.01,0,0,0,0.5,22.3,89.8,21.1,-0.157,-0.299,-0.4,3.8,26,809,0.5,0,0,0
72.7,10,26.3,1.1,1.16,0,0,0,0.5,22.3,89.8,21.1,-0.0608,-0.37,-0.4,3.8,26,809,0.5,0,0,0
72.7,10,26.4,1.07,1.23,0,0,0,0.5,22.2,89.9,21.1,-0.0249,-0.427,-0.4,3.8,26,809,0.5,0,0,0
72.8,10,26.5,1.04,1.25,0,0,0,0.5,22.2,89.9,21.1,-0.03,-0.462,-0.4,3.8,26,809,0.5,0,0,0
72.8,10,26.5,1.01,1.25,0,0,0,0.5,22.2,90.0,21.1,-0.0604,-0.478,-0.4,3.8,26,809,0.5,0,0,0
72.9,10,26.5,1.0,1.19,0,0,0,0.5,22.3,90.0,21.1,-0.105,-0.462,-0.4,3.8,26,809,0.5,0,0,0
72.9,10,26.5,1.0,1.09,0,0,0,0.5,22.3,90.0,21.1,-0.157,-0.423,-0.4,3.8,26,809,0.5,0,0,0
73.0,10,26.5,1.01,1.03,0,0,0,0.5,22.3,90.0,21.1,-0.224,-0.395,-0.4,3.8,26,809,0.5,0,0,0
73.0,10,26.5,1.02,1.0,0,0,0,0.5,22.3,90.0,21.1,-0.318,-0.38,-0.4,3.8,26,809,0.5,0,0,0
73.1,10,26.5,1.02,0.994,0,0,0,0.5,22.4,90.0,21.1,-0.437,-0.378,-0.4,3.8,26,809,0.5,0,0,0
73.1,10,26.5,1.02,0.978,0,0,0,0.5,22.4,90.0,21.1,-0.571,-0.375,-0.4,3.8,26,809,0.5,0,0,0
73.2,10,26.5,1.01,0.992,0,0,0,0.5,22.4,90.0,21.1,-0.699,-0.382,-0.4,3.8,26,809,0.5,0,0,0
73.2,10,26.4,1.01,1.11,0,0,0,0.5,22.5,90.0,21.1,-0.821,-0.427,-0.4,3.8,26,809,0.5,0,0,0
73.3,10,26.4,1.01,1.16,0,0,0,0.5,22.5,90.0,21.1,-0.967,-0.456,-0.4,3.8,26,809,0.5,0,0,0
73.3,10,26.3,0.995,1.02,0,0,0,0.5,22.6,90.0,21.1,-1.13,-0.412,-0.4,3.8,26,809,0.5,0,0,0
73.4,10,26.2,0.989,0.786,0,0,0,0.5,22.6,90.0,21.1,-1.27,-0.323,-0.4,3.8,26,809,0.5,0,0,0
73.4,10,26.2,0.996,0.505,0,0,0,0.5,22.7,90.0,21.1,-1.37,-0.205,-0.4,3.8,26,809,0.5,0,0,0
73.5,10,26.0,1.02,0.28,0,0,0,0.5,22.6,90.0,21.1,-1.41,-0.0924,-0.4,3.8,26,809,0.5,0,0,0
73.5,10,25.9,1.07,0.232,0,0,0,0.5,22.6,89.9,21.1,-1.41,-0.0362,-0.4,3.8,26,809,0.5,0,0,0
73.6,10,25.8,1.13,0.379,0,0,0,0.5,22.6,89.8,21.1,-1.41,-0.0523,-0.4,3.8,26,809,0.5,0,0,0
73.6,10,25.8,1.18,0.582,0,0,0,0.5,22.6,89.7,21.1,-1.42,-0.0926,-0.4,3.8,26,809,0.5,0,0,0
73.7,10,25.8,1.23,0.704,0,0,0,0.5,22.6,89.6,21.1,-1.46,-0.107,-0.4,3.8,26,809,0.5,0,0,0
73.7,10,25.8,1.27,0.59,0,0,0,0.5,22.6,89.5,21.1,-1.5,-0.0289,-0.4,3.8,26,809,0.5,0,0,0
73.8,10,25.9,1.34,0.717,0,0,0,0.5,22.6,89.4,21.1,-1.46,-0.031,-0.4,3.8,26,809,0.5,0,0,0
73.8,10,25.9,1.4,0.929,0,0,0,0.5,22.6,89.3,21.1,-1.4,-0.0719,-0.4,3.8,26,809,0.5,0,0,0
73.9,10,25.8,1.44,0.81,0,0,0,0.5,22.6,89.2,21.1,-1.38,0.0027,-0.4,3.8,26,809,0.5,0,0,0
73.9,10,25.9,1.49,0.778,0,0,0,0.5,22.5,89.1,21.1,-1.32,0.0487,-0.4,3.8,26,809,0.5,0,0,0
74.0,10,25.9,1.54,0.84,0,0,0,0.5,22.5,89.0,21.1,-1.23,0.0554,-0.4,3.8,26,809,0.5,0,0,0
74.0,10,25.9,1.58,0.885,0,0,0,0.5,22.5,89.0,21.1,-1.14,0.0612,-0.4,3.8,26,809,0.5,0,0,0
74.1,10,25.8,1.61,0.852,0,0,0,0.5,22.4,88.9,21.1,-1.05,0.0924,-0.4,3.8,26,809,0.5,0,0,0
74.1,10,25.8,1.65,0.823,0,0,0,0.5,22.4,88.9,21.1,-0.962,0.122,-0.4,3.8,26,809,0.5,0,0,0
74.2,10,25.8,1.68,0.886,0,0,0,0.5,22.3,88.8,21.1,-0.864,0.115,-0.4,3.8,26,809,0.5,0,0,0
74.2,10,25.8,1.71,1.09,0,0,0,0.5,22.3,88.8,21.1,-0.778,0.0482,-0.4,3.8,26,809,0.5,0,0,0
74.3,10,25.8,1.73,1.3,0,0,0,0.5,22.2,88.8,21.1,-0.75,-0.0317,-0.4,3.8,26,809,0.5,0,0,0
74.3,10,25.8,1.74,1.41,0,0,0,0.5,22.2,88.8,21.1,-0.781,-0.0777,-0.4,3.8,26,809,0.5,0,0,0
74.4,10,25.9,1.75,1.44,0,0,0,0.5,22.2,88.8,21.1,-0.844,-0.0874,-0.4,3.8,26,809,0.5,0,0,0
74.4,10,25.9,1.78,1.54,0,0,0,0.5,22.2,88.8,21.1,-0.915,-0.116,-0.4,3.8,26,809,0.5,0,0,0
74.5,10,26.0,1.8,1.61,0,0,0,0.5,22.2,88.7,21.1,-1.0,-0.135,-0.4,3.8,26,809,0.5,0,0,0
74.5,10,26.0,1.82,1.6,0,0,0,0.5,22.2,88.7,21.1,-1.11,-0.128,-0.4,3.8,26,809,0.5,0,0,0
74.6,10,26.0,1.83,1.58,0,0,0,0.5,22.2,88.7,21.1,-1.21,-0.116,-0.4,3.8,26,809,0.5,0,0,0
74.6,10,26.0,1.85,1.55,0,0,0,0.5,22.2,88.7,21.1,-1.3,-0.101,-0.4,3.8,26,809,0.5,0,0,0
74.7,10,26.0,1.87,1.49,0,0,0,0.5,22.3,88.7,21.1,-1.39,-0.0729,-0.4,3.8,26,809,0.5,0,0,0
74.7,10,26.0,1.89,1.43,0,0,0,0.5,22.3,88.7,21.1,-1.49,-0.0458,-0.4,3.8,26,809,0.5,0,0,0
74.8,10,26.0,1.9,1.34,0,0,0,0.5,22.3,88.7,21.1,-1.59,-0.0136,-0.4,3.8,26,809,0.5,0,0,0
74.8,10,26.0,1.91,1.27,0,0,0,0.5,22.3,88.7,21.1,-1.7,0.013,-0.4,3.8,26,809,0.5,0,0,0
74.9,10,25.9,1.92,1.15,0,0,0,0.5,22.3,88.7,21.1,-1.81,0.0588,-0.4,3.8,26,809,0.5,0,0,0
74.9,10,25.9,1.94,0.93,0,0,0,0.5,22.3,88.7,21.1,-1.91,0.151,-0.4,3.8,26,809,0.5,0,0,0
75.0,10,25.8,1.98,0.785,0,0,0,0.5,22.2,88.6,21.1,-1.95,0.229,-0.4,3.8,26,809,0.5,0,0,0
75.0,10,25.8,2.04,0.831,0,0,0,0.5,22.2,88.5,21.1,-1.94,0.245,-0.4,3.8,26,809,0.5,0,0,0
75.1,10,25.7,2.1,0.947,0,0,0,0.5,22.1,88.4,21.1,-1.9,0.234,-0.4,3.8,26,809,0.5,0,0,0
75.1,10,25.8,2.15,1.08,0,0,0,0.5,22.1,88.4,21.1,-1.86,0.207,-0.4,3.8,26,809,0.5,0,0,0
75.2,10,25.8,2.18,1.22,0,0,0,0.5,22.1,88.3,21.1,-1.81,0.17,-0.4,3.8,26,809,0.5,0,0,0
75.2,10,25.9,2.2,1.35,0,0,0,0.5,22.1,88.3,21.1,-1.78,0.116,-0.4,3.8,26,809,0.5,0,0,0
75.3,10,26.0,2.19,1.44,0,0,0,0.5,22.1,88.4,21.1,-1.77,0.0602,-0.4,3.8,26,809,0.5,0,0,0
75.3,10,26.0,2.17,1.46,0,0,0,0.5,22.2,88.5,21.1,-1.79,0.019,-0.4,3.8,26,809,0.5,0,0,0
75.4,10,26.2,2.13,1.37,0,0,0,0.5,22.3,88.6,21.1,-1.84,0.0116,-0.4,3.8,26,809,0.5,0,0,0
75.4,10,26.2,2.08,1.21,0,0,0,0.5,22.4,88.7,21.1,-1.9,0.029,-0.4,3.8,26,809,0.5,0,0,0
75.5,10,26.2,2.04,0.959,0,0,0,0.5,22.4,88.8,21.1,-1.97,0.0854,-0.4,3.8,26,809,0.5,0,0,0
75.5,10,26.0,2.01,0.611,0,0,0,0.5,22.4,88.9,21.1,-2.0,0.19,-0.4,3.8,26,809,0.5,0,0,0
75.6,10,25.9,2.0,0.361,0,0,0,0.5,22.4,88.9,21.1,-1.98,0.274,-0.4,3.8,26,809,0.5,0,0,0
75.6,10,25.9,2.01,0.249,0,0,0,0.5,22.4,88.9,21.1,-1.91,0.319,-0.4,3.8,26,809,0.5,0,0,0
75.7,10,25.8,2.03,0.218,0,0,0,0.5,22.3,88.9,21.1,-1.8,0.34,-0.4,3.8,26,809,0.5,0,0,0
75.7,10,25.8,2.06,0.303,0,0,0,0.5,22.3,88.9,21.1,-1.67,0.316,-0.4,3.8,26,809,0.5,0,0,0
75.8,10,25.9,2.07,0.453,0,0,0,0.5,22.3,88.9,21.1,-1.53,0.26,-0.4,3.8,26,809,0.5,0,0,0
75.8,10,25.9,2.08,0.568,0,0,0,0.5,22.2,88.9,21.1,-1.39,0.211,-0.4,3.8,26,809,0.5,0,0,0
75.9,10,25.9,2.09,0.622,0,0,0,0.5,22.2,88.9,21.1,-1.25,0.187,-0.4,3.8,26,809,0.5,0,0,0
75.9,10,26.0,2.1,0.632,0,0,0,0.5,22.1,88.9,21.1,-1.08,0.184,-0.4,3.8,26,809,0.5,0,0,0
76.0,10,26.0,2.12,0.74,0,0,0,0.5,22.1,88.9,21.1,-0.886,0.146,-0.4,3.8,26,809,0.5,0,0,0
76.0,10,26.0,2.12,0.94,0,0,0,0.5,22.0,88.9,21.1,-0.721,0.0599,-0.4,3.8,26,809,0.5,0,0,0
76.1,10,26.0,2.09,1.12,0,0,0,0.5,22.0,89.0,21.1,-0.624,-0.0413,-0.4,3.8,26,809,0.5,0,0,0
76.1,10,26.2,2.04,1.26,0,0,0,0.5,21.9,89.1,21.1,-0.589,-0.142,-0.4,3.8,26,809,0.5,0,0,0
76.2,10,26.2,1.98,1.37,0,0,0,0.5,21.9,89.3,21.1,-0.597,-0.239,-0.4,3.8,26,809,0.5,0,0,0
76.2,10,26.2,1.91,1.51,0,0,0,0.5,21.9,89.4,21.1,-0.616,-0.345,-0.4,3.8,26,809,0.5,0,0,0
76.3,10,26.2,1.86,1.62,0,0,0,0.5,21.9,89.5,21.1,-0.638,-0.438,-0.4,3.8,26,809,0.5,0,0,0
76.3,10,26.2,1.8,1.61,0,0,0,0.5,22.0,89.6,21.1,-0.67,-0.48,-0.4,3.8,26,809,0.5,0,0,0
76.4,10,26.2,1.75,1.41,0,0,0,0.5,22.0,89.7,21.1,-0.701,-0.442,-0.4,3.8,26,809,0.5,0,0,0
76.4,10,26.2,1.72,1.13,0,0,0,0.5,22.0,89.8,21.1,-0.692,-0.358,-0.4,3.8,26,809,0.5,0,0,0
76.5,10,26.0,1.72,0.945,0,0,0,0.5,22.0,89.8,21.1,-0.618,-0.289,-0.4,3.8,26,809,0.5,0,0,0
76.5,10,26.0,1.73,0.887,0,0,0,0.5,22.0,89.8,21.1,-0.496,-0.256,-0.4,3.8,26,809,0.5,0,0,0
76.6,10,25.9,1.75,0.98,0,0,0,0.5,21.9,89.7,21.1,-0.351,-0.279,-0.4,3.8,26,809,0.5,0,0,0
76.6,10,25.9,1.76,1.18,0,0,0,0.5,21.9,89.7,21.1,-0.235,-0.352,-0.4,3.8,26,809,0.5,0,0,0
76.7,10,25.9,1.75,1.25,0,0,0,0.5,21.9,89.8,21.1,-0.188,-0.393,-0.4,3.8,26,809,0.5,0,0,0
76.7,10,25.9,1.72,1.15,0,0,0,0.5,22.0,89.8,21.1,-0.177,-0.377,-0.4,3.8,26,809,0.5,0,0,0
76.8,10,25.9,1.7,1.04,0,0,0,0.5,22.0,89.9,21.1,-0.174,-0.354,-0.4,3.8,26,809,0.5,0,0,0
76.8,10,25.8,1.68,1.03,0,0,0,0.5,22.0,89.9,21.1,-0.196,-0.369,-0.4,3.8,26,809,0.5,0,0,0
76.9,10,25.8,1.65,1.08,0,0,0,0.5,22.1,90.0,21.1,-0.262,-0.412,-0.4,3.8,26,809,0.5,0,0,0
76.9,10,25.8,1.62,1.13,0,0,0,0.5,22.2,90.1,21.1,-0.367,-0.458,-0.4,3.8,26,809,0.5,0,0,0
77.0,10,25.8,1.58,1.11,0,0,0,0.5,22.2,90.1,21.1,-0.498,-0.482,-0.4,3.8,26,809,0.5,0,0,0
77.0,10,25.8,1.54,1.1,0,0,0,0.5,22.2,90.2,21.1,-0.619,-0.505,-0.4,3.8,26,809,0.5,0,0,0
77.1,10,25.7,1.51,1.08,0,0,0,0.5,22.3,90.3,21.1,-0.72,-0.52,-0.4,3.8,26,809,0.5,0,0,0
77.1,10,25.6,1.49,0.992,0,0,0,0.5,22.3,90.3,21.1,-0.789,-0.5,-0.4,3.8,26,809,0.5,0,0,0
77.2,10,25.4,1.48,0.867,0,0,0,0.5,22.3,90.3,21.1,-0.81,-0.456,-0.4,3.8,26,809,0.5,0,0,0
77.2,10,25.3,1.48,0.848,0,0,0,0.5,22.2,90.3,21.1,-0.765,-0.444,-0.4,3.8,26,809,0.5,0,0,0
77.3,10,25.3,1.48,0.894,0,0,0,0.5,22.2,90.3,21.1,-0.689,-0.458,-0.4,3.8,26,809,0.5,0,0,0
77.3,10,25.2,1.48,0.949,0,0,0,0.5,22.2,90.3,21.1,-0.609,-0.48,-0.4,3.8,26,809,0.5,0,0,0
77.4,10,25.2,1.46,0.989,0,0,0,0.5,22.1,90.3,21.1,-0.536,-0.503,-0.4,3.8,26,809,0.5,0,0,0
77.4,10,25.2,1.45,1.02,0,0,0,0.5,22.1,90.3,21.1,-0.476,-0.526,-0.4,3.8,26,809,0.5,0,0,0
77.5,10,25.1,1.43,1.07,0,0,0,0.5,22.1,90.4,21.1,-0.43,-0.551,-0.4,3.8,26,809,0.5,0,0,0
77.5,10,25.1,1.42,1.16,0,0,0,0.5,22.1,90.4,21.1,-0.396,-0.596,-0.4,3.8,26,809,0.5,0,0,0
77.6,10,25.1,1.4,1.21,0,0,0,0.5,22.1,90.4,21.1,-0.385,-0.625,-0.4,3.8,26,809,0.5,0,0,0
77.6,10,25.1,1.39,1.3,0,0,0,0.5,22.1,90.4,21.1,-0.379,-0.669,-0.4,3.8,26,809,0.5,0,0,0
77.7,10,25.2,1.36,1.32,0,0,0,0.5,22.1,90.5,21.1,-0.407,-0.693,-0.4,3.8,26,809,0.5,0,0,0
77.7,10,25.2,1.33,1.24,0,0,0,0.5,22.1,90.5,21.1,-0.453,-0.683,-0.4,3.8,26,809,0.5,0,0,0
77.8,10,25.2,1.3,1.22,0,0,0,0.5,22.1,90.6,21.1,-0.488,-0.693,-0.4,3.8,26,809,0.5,0,0,0
77.8,10,25.2,1.27,1.25,0,0,0,0.5,22.1,90.6,21.1,-0.548,-0.729,-0.4,3.8,26,809,0.5,0,0,0
77.9,10,25.1,1.23,1.32,0,0,0,0.5,22.1,90.7,21.1,-0.636,-0.782,-0.4,3.8,26,809,0.5,0,0,0
77.9,10,25.1,1.18,1.37,0,0,0,0.5,22.1,90.8,21.1,-0.756,-0.834,-0.4,3.8,26,809,0.5,0,0,0
78.0,10,25.1,1.13,1.4,0,0,0,0.5,22.1,90.9,21.1,-0.899,-0.876,-0.4,3.8,26,809,0.5,0,0,0
78.0,10,25.1,1.09,1.42,0,0,0,0.5,22.1,90.9,21.1,-1.05,-0.906,-0.4,3.8,26,809,0.5,0,0,0
78.1,10,25.1,1.06,1.33,0,0,0,0.5,22.1,91.0,21.1,-1.18,-0.887,-0.4,3.8,26,809,0.5,0,0,0
78.1,10,25.1,1.05,1.15,0,0,0,0.5,22.1,91.0,21.1,-1.27,-0.82,-0.4,3.8,26,809,0.5,0,0,0
78.2,10,25.1,1.06,0.965,0,0,0,0.5,22.1,90.9,21.1,-1.29,-0.731,-0.4,3.8,26,809,0.5,0,0,0
78.2,10,25.1,1.08,0.906,0,0,0,0.5,22.1,90.9,21.1,-1.24,-0.681,-0.4,3.8,26,809,0.5,0,0,0
78.3,10,25.2,1.1,0.967,0,0,0,0.5,22.1,90.8,21.1,-1.18,-0.681,-0.4,3.8,26,809,0.5,0,0,0
78.3,10,25.2,1.11,1.1,0,0,0,0.5,22.1,90.8,21.1,-1.13,-0.718,-0.4,3.8,26,809,0.5,0,0,0
78.4,10,25.3,1.1,1.23,0,0,0,0.5,22.1,90.8,21.1,-1.13,-0.772,-0.4,3.8,26,809,0.5,0,0,0
78.4,10,25.3,1.08,1.35,0,0,0,0.5,22.1,90.8,21.1,-1.15,-0.831,-0.4,3.8,26,809,0.5,0,0,0
78.5,10,25.4,1.04,1.3,0,0,0,0.5,22.2,90.9,21.1,-1.2,-0.837,-0.4,3.8,26,809,0.5,0,0,0
78.5,10,25.6,1.0,1.2,0,0,0,0.5,22.2,90.9,21.1,-1.24,-0.822,-0.4,3.8,26,809,0.5,0,0,0
78.6,10,25.6,0.971,1.15,0,0,0,0.5,22.2,91.0,21.1,-1.23,-0.824,-0.4,3.8,26,809,0.5,0,0,0
78.6,10,25.4,0.936,1.17,0,0,0,0.5,22.2,91.0,21.1,-1.2,-0.851,-0.4,3.8,26,809,0.5,0,0,0
78.7,10,25.4,0.889,1.23,0,0,0,0.5,22.2,91.1,21.1,-1.18,-0.903,-0.4,3.8,26,809,0.5,0,0,0
78.7,10,25.4,0.829,1.28,0,0,0,0.5,22.2,91.2,21.1,-1.2,-0.961,-0.4,3.8,26,809,0.5,0,0,0
78.8,10,25.4,0.758,1.15,0,0,0,0.5,22.2,91.3,21.1,-1.24,-0.956,-0.4,3.8,26,809,0.5,0,0,0
78.8,10,25.4,0.704,1.14,0,0,0,0.5,22.2,91.4,21.1,-1.26,-0.982,-0.4,3.8,26,809,0.5,0,0,0
78.9,10,25.3,0.659,1.09,0,0,0,0.5,22.2,91.5,21.1,-1.25,-0.987,-0.4,3.8,26,809,0.5,0,0,0
78.9,10,25.3,0.628,0.81,0,0,0,0.5,22.2,91.5,21.1,-1.2,-0.887,-0.4,3.8,26,809,0.5,0,0,0
79.0,10,25.3,0.636,0.726,0,0,0,0.5,22.2,91.4,21.1,-1.06,-0.836,-0.4,3.8,26,809,0.5,0,0,0
79.0,10,25.3,0.656,0.776,0,0,0,0.5,22.2,91.4,21.1,-0.912,-0.83,-0.4,3.8,26,809,0.5,0,0,0
79.1,10,25.3,0.665,0.832,0,0,0,0.5,22.2,91.3,21.1,-0.804,-0.836,-0.4,3.8,26,809,0.5,0,0,0
79.1,10,25.3,0.66,0.879,0,0,0,0.5,22.2,91.3,21.1,-0.737,-0.85,-0.4,3.8,26,809,0.5,0,0,0
79.2,10,25.3,0.645,0.872,0,0,0,0.5,22.3,91.3,21.1,-0.693,-0.849,-0.4,3.8,26,809,0.5,0,0,0
79.2,10,25.3,0.628,0.822,0,0,0,0.5,22.3,91.3,21.1,-0.644,-0.833,-0.4,3.8,26,809,0.5,0,0,0
79.3,10,25.3,0.617,0.968,0,0,0,0.5,22.3,91.3,21.1,-0.58,-0.89,-0.4,3.8,26,809,0.5,0,0,0
79.3,10,25.2,0.594,1.16,0,0,0,0.5,22.3,91.3,21.1,-0.538,-0.974,-0.4,3.8,26,809,0.5,0,0,0
79.4,10,25.2,0.549,1.32,0,0,0,0.5,22.3,91.4,21.1,-0.55,-1.06,-0.4,3.8,26,809,0.5,0,0,0
79.4,10,25.2,0.483,1.3,0,0,0,0.5,22.4,91.5,21.1,-0.639,-1.1,-0.4,3.8,26,809,0.5,0,0,0
79.5,10,25.1,0.416,1.1,0,0,0,0.5,22.5,91.6,21.1,-0.743,-1.06,-0.4,3.8,26,809,0.5,0,0,0
79.5,10,25.1,0.371,0.745,0,0,0,0.5,22.5,91.7,21.1,-0.806,-0.946,-0.4,3.8,26,809,0.5,0,0,0
79.6,10,25.0,0.366,0.439,0,0,0,0.5,22.5,91.6,21.1,-0.77,-0.814,-0.4,3.8,26,809,0.5,0,0,0
79.6,10,24.8,0.402,0.305,0,0,0,0.5,22.5,91.5,21.1,-0.632,-0.717,-0.4,3.8,26,809,0.5,0,0,0
79.7,10,24.7,0.461,0.335,0,0,0,0.5,22.4,91.4,21.1,-0.435,-0.668,-0.4,3.8,26,809,0.5,0,0,0
79.7,10,24.6,0.523,0.421,0,0,0,0.5,22.3,91.2,21.1,-0.231,-0.641,-0.4,3.8,26,809,0.5,0,0,0
79.8,10,24.5,0.583,0.449,0,0,0,0.5,22.3,91.1,21.1,-0.0363,-0.593,-0.4,3.8,26,809,0.5,0,0,0
79.8,10,24.5,0.651,0.556,0,0,0,0.5,22.2,90.9,21.1,0.175,-0.573,-0.4,3.8,26,809,0.5,0,0,0
79.9,10,24.5,0.716,0.877,0,0,0,0.5,22.1,90.8,21.1,0.376,-0.64,-0.4,3.8,26,809,0.5,0,0,0
79.9,10,24.5,0.751,1.14,0,0,0,0.5,22.1,90.7,21.1,0.509,-0.707,-0.4,3.8,26,809,0.5,0,0,0
80.0,10,24.6,0.76,1.3,0,0,0,0.5,22.1,90.7,21.1,0.586,-0.759,-0.4,3.8,26,809,0.5,0,0,0
80.0,10,24.6,0.752,1.46,0,0,0,0.5,22.1,90.7,21.1,0.621,-0.822,-0.4,3.8,26,809,0.5,0,0,0
80.1,10,24.7,0.732,1.57,0,0,0,0.5,22.1,90.7,21.1,0.616,-0.877,-0.4,3.8,26,809,0.5,0,0,0
80.1,10,24.7,0.702,1.59,0,0,0,0.5,22.1,90.8,21.1,0.578,-0.904,-0.4,3.8,26,809,0.5,0,0,0
80.2,10,24.7,0.666,1.54,0,0,0,0.5,22.2,90.8,21.1,0.512,-0.908,-0.4,3.8,26,809,0.5,0,0,0
80.2,10,24.7,0.627,1.4,0,0,0,0.5,22.2,90.9,21.1,0.426,-0.88,-0.4,3.8,26,809,0.5,0,0,0
80.3,10,24.7,0.59,1.22,0,0,0,0.5,22.2,90.9,21.1,0.325,-0.834,-0.4,3.8,26,809,0.5,0,0,0
80.3,10,24.6,0.557,1.03,0,0,0,0.5,22.3,91.0,21.1,0.205,-0.779,-0.4,3.8,26,809,0.5,0,0,0
80.4,10,24.6,0.531,0.863,0,0,0,0.5,22.3,91.0,21.1,0.0667,-0.726,-0.4,3.8,26,809,0.5,0,0,0
80.4,10,24.6,0.517,0.847,0,0,0,0.5,22.3,91.0,21.1,-0.0761,-0.723,-0.4,3.8,26,809,0.5,0,0,0
80.5,10,24.5,0.514,0.979,0,0,0,0.5,22.4,91.0,21.1,-0.23,-0.771,-0.4,3.8,26,809,0.5,0,0,0
80.5,10,24.6,0.509,1.06,0,0,0,0.5,22.4,91.0,21.1,-0.414,-0.801,-0.4,3.8,26,809,0.5,0,0,0
80.6,10,24.6,0.5,1.03,0,0,0,0.5,22.5,91.0,21.1,-0.628,-0.791,-0.4,3.8,26,809,0.5,0,0,0
80.6,10,24.6,0.492,0.957,0,0,0,0.5,22.6,91.0,21.1,-0.862,-0.765,-0.4,3.8,26,809,0.5,0,0,0
80.7,10,24.6,0.485,0.863,0,0,0,0.5,22.7,91.0,21.1,-1.11,-0.728,-0.4,3.8,26,809,0.5,0,0,0
80.7,10,24.6,0.483,0.765,0,0,0,0.5,22.8,91.0,21.1,-1.37,-0.685,-0.4,3.8,26,809,0.5,0,0,0
80.8,10,24.6,0.484,0.676,0,0,0,0.5,22.8,90.9,21.1,-1.62,-0.645,-0.4,3.8,26,809,0.5,0,0,0
80.8,10,24.6,0.483,0.615,0,0,0,0.5,22.9,90.9,21.1,-1.87,-0.616,-0.4,3.8,26,809,0.5,0,0,0
80.9,10,24.5,0.474,0.591,0,0,0,0.5,23.0,90.9,21.1,-2.12,-0.609,-0.4,3.8,26,809,0.5,0,0,0
80.9,10,24.5,0.462,0.549,0,0,0,0.5,23.1,90.9,21.1,-2.36,-0.596,-0.4,3.8,26,809,0.5,0,0,0
81.0,10,24.4,0.456,0.334,0,0,0,0.5,23.2,90.9,21.1,-2.56,-0.505,-0.4,3.8,26,809,0.5,0,0,0
81.0,10,24.2,0.485,0.38,0,0,0,0.5,23.2,90.8,21.1,-2.66,-0.493,-0.4,3.8,26,809,0.5,0,0,0
81.1,10,24.1,0.518,0.472,0,0,0,0.5,23.2,90.8,21.1,-2.71,-0.496,-0.4,3.8,26,809,0.5,0,0,0
81.1,10,24.0,0.549,0.549,0,0,0,0.5,23.2,90.7,21.1,-2.74,-0.495,-0.4,3.8,26,809,0.5,0,0,0
81.2,10,23.9,0.578,0.621,0,0,0,0.5,23.1,90.6,21.1,-2.73,-0.495,-0.4,3.8,26,809,0.5,0,0,0
81.2,10,23.9,0.607,0.685,0,0,0,0.5,23.1,90.5,21.1,-2.65,-0.491,-0.4,3.8,26,809,0.5,0,0,0
81.3,10,24.0,0.636,0.717,0,0,0,0.5,23.1,90.5,21.1,-2.49,-0.474,-0.4,3.8,26,809,0.5,0,0,0
81.3,10,24.0,0.668,0.737,0,0,0,0.5,23.0,90.4,21.1,-2.26,-0.452,-0.4,3.8,26,809,0.5,0,0,0
81.4,10,24.1,0.698,0.739,0,0,0,0.5,23.0,90.3,21.1,-1.98,-0.424,-0.4,3.8,26,809,0.5,0,0,0
81.4,10,24.2,0.726,0.739,0,0,0,0.5,22.9,90.3,21.1,-1.67,-0.399,-0.4,3.8,26,809,0.5,0,0,0
81.5,10,24.4,0.747,0.782,0,0,0,0.5,22.9,90.2,21.1,-1.35,-0.398,-0.4,3.8,26,809,0.5,0,0,0
81.5,10,24.5,0.752,0.828,0,0,0,0.5,22.9,90.2,21.1,-1.1,-0.414,-0.4,3.8,26,809,0.5,0,0,0
81.6,10,24.6,0.731,0.721,0,0,0,0.5,22.9,90.2,21.1,-0.96,-0.387,-0.4,3.8,26,809,0.5,0,0,0
81.6,10,24.7,0.705,0.594,0,0,0,0.5,23.0,90.3,21.1,-0.856,-0.356,-0.4,3.8,26,809,0.5,0,0,0
81.7,10,24.8,0.676,0.418,0,0,0,0.5,23.0,90.3,21.1,-0.772,-0.306,-0.4,3.8,26,809,0.5,0,0,0
81.7,10,24.8,0.656,0.229,0,0,0,0.5,23.0,90.4,21.1,-0.682,-0.242,-0.4,3.8,26,809,0.5,0,0,0
81.8,10,24.8,0.651,0.103,0,0,0,0.5,22.9,90.4,21.1,-0.573,-0.191,-0.4,3.8,26,809,0.5,0,0,0
81.8,10,24.8,0.659,-0.00222,0,0,0,0.5,22.9,90.3,21.1,-0.435,-0.138,-0.4,3.8,26,809,0.5,0,0,0
81.9,10,25.0,0.682,-0.00932,0,0,0,0.5,22.9,90.3,21.1,-0.252,-0.114,-0.4,3.8,26,809,0.5,0,0,0
81.9,10,25.0,0.708,0.099,0,0,0,0.5,22.8,90.2,21.1,-0.0429,-0.134,-0.4,3.8,26,809,0.5,0,0,0
82.0,10,25.1,0.724,0.289,0,0,0,0.5,22.7,90.2,21.1,0.156,-0.196,-0.4,3.8,26,809,0.5,0,0,0
82.0,10,25.1,0.72,0.565,0,0,0,0.5,22.6,90.2,21.1,0.296,-0.308,-0.4,3.8,26,809,0.5,0,0,0
82.1,10,25.2,0.692,0.814,0,0,0,0.5,22.6,90.3,21.1,0.344,-0.428,-0.4,3.8,26,809,0.5,0,0,0
82.1,10,25.2,0.645,1.06,0,0,0,0.5,22.5,90.4,21.1,0.311,-0.557,-0.4,3.8,26,809,0.5,0,0,0
82.2,10,25.2,0.587,1.31,0,0,0,0.5,22.5,90.5,21.1,0.201,-0.7,-0.4,3.8,26,809,0.5,0,0,0
82.2,10,25.2,0.527,1.56,0,0,0,0.5,22.5,90.6,21.1,0.0308,-0.838,-0.4,3.8,26,809,0.5,0,0,0
82.3,10,25.2,0.475,1.8,0,0,0,0.5,22.5,90.7,21.1,-0.173,-0.97,-0.4,3.8,26,809,0.5,0,0,0
82.3,10,25.2,0.427,2.02,0,0,0,0.5,22.5,90.8,21.1,-0.401,-1.09,-0.4,3.8,26,809,0.5,0,0,0
82.4,10,25.2,0.37,2.04,0,0,0,0.5,22.6,90.9,21.1,-0.668,-1.14,-0.4,3.8,26,809,0.5,0,0,0
82.4,10,25.2,0.317,1.9,0,0,0,0.5,22.6,90.9,21.1,-0.947,-1.12,-0.4,3.8,26,809,0.5,0,0,0
82.5,10,25.2,0.28,1.77,0,0,0,0.5,22.7,91.0,21.1,-1.21,-1.09,-0.4,3.8,26,809,0.5,0,0,0
82.5,10,25.1,0.261,1.69,0,0,0,0.5,22.7,91.0,21.1,-1.44,-1.07,-0.4,3.8,26,809,0.5,0,0,0
82.6,10,25.0,0.252,1.61,0,0,0,0.5,22.7,91.0,21.1,-1.66,-1.04,-0.4,3.8,26,809,0.5,0,0,0
82.6,10,24.8,0.254,1.5,0,0,0,0.5,22.7,91.0,21.1,-1.88,-0.984,-0.4,3.8,26,809,0.5,0,0,0
82.7,10,24.7,0.271,1.36,0,0,0,0.5,22.8,90.9,21.1,-2.05,-0.906,-0.4,3.8,26,809,0.5,0,0,0
82.7,10,24.6,0.304,1.22,0,0,0,0.5,22.8,90.8,21.1,-2.16,-0.816,-0.4,3.8,26,809,0.5,0,0,0
82.8,10,24.6,0.351,1.08,0,0,0,0.5,22.8,90.7,21.1,-2.22,-0.719,-0.4,3.8,26,809,0.5,0,0,0
82.8,10,24.6,0.409,0.98,0,0,0,0.5,22.8,90.6,21.1,-2.22,-0.625,-0.4,3.8,26,809,0.5,0,0,0
82.9,10,24.6,0.477,0.919,0,0,0,0.5,22.8,90.4,21.1,-2.17,-0.542,-0.4,3.8,26,809,0.5,0,0,0
82.9,10,24.6,0.545,0.959,0,0,0,0.5,22.8,90.3,21.1,-2.12,-0.503,-0.4,3.8,26,809,0.5,0,0,0
83.0,10,24.7,0.598,0.92,0,0,0,0.5,22.9,90.2,21.1,-2.1,-0.444,-0.4,3.8,26,809,0.5,0,0,0
83.0,10,24.8,0.648,0.798,0,0,0,0.5,22.9,90.1,21.1,-2.07,-0.352,-0.4,3.8,26,809,0.5,0,0,0
83.1,10,24.8,0.712,0.862,0,0,0,0.5,22.9,90.0,21.1,-1.94,-0.325,-0.4,3.8,26,809,0.5,0,0,0
83.1,10,24.8,0.767,1.02,0,0,0,0.5,22.9,89.8,21.1,-1.79,-0.347,-0.4,3.8,26,809,0.5,0,0,0
83.2,10,24.8,0.799,1.17,0,0,0,0.5,22.9,89.8,21.1,-1.67,-0.382,-0.4,3.8,26,809,0.5,0,0,0
83.2,10,25.0,0.811,1.3,0,0,0,0.5,22.8,89.8,21.1,-1.58,-0.428,-0.4,3.8,26,809,0.5,0,0,0
83.3,10,25.0,0.803,1.2,0,0,0,0.5,22.8,89.8,21.1,-1.52,-0.394,-0.4,3.8,26,809,0.5,0,0,0
83.3,10,25.1,0.798,0.905,0,0,0,0.5,22.8,89.8,21.1,-1.45,-0.282,-0.4,3.8,26,809,0.5,0,0,0
83.4,10,25.2,0.814,0.802,0,0,0,0.5,22.8,89.8,21.1,-1.33,-0.23,-0.4,3.8,26,809,0.5,0,0,0
83.4,10,25.3,0.823,0.695,0,0,0,0.5,22.8,89.8,21.1,-1.22,-0.182,-0.4,3.8,26,809,0.5,0,0,0
83.5,10,25.4,0.832,0.645,0,0,0,0.5,22.8,89.8,21.1,-1.12,-0.157,-0.4,3.8,26,809,0.5,0,0,0
83.5,10,25.6,0.839,0.562,0,0,0,0.5,22.7,89.7,21.1,-1.03,-0.12,-0.4,3.8,26,809,0.5,0,0,0
83.6,10,25.6,0.854,0.503,0,0,0,0.5,22.7,89.7,21.1,-0.942,-0.086,-0.4,3.8,26,809,0.5,0,0,0
83.6,10,25.7,0.883,0.517,0,0,0,0.5,22.7,89.7,21.1,-0.862,-0.0705,-0.4,3.8,26,809,0.5,0,0,0
83.7,10,25.8,0.919,0.576,0,0,0,0.5,22.7,89.6,21.1,-0.799,-0.0689,-0.4,3.8,26,809,0.5,0,0,0
83.7,10,25.9,0.95,0.613,0,0,0,0.5,22.6,89.5,21.1,-0.762,-0.0623,-0.4,3.8,26,809,0.5,0,0,0
83.8,10,26.0,0.975,0.726,0,0,0,0.5,22.6,89.5,21.1,-0.737,-0.0915,-0.4,3.8,26,809,0.5,0,0,0
83.8,10,26.2,0.988,0.901,0,0,0,0.5,22.6,89.5,21.1,-0.726,-0.155,-0.4,3.8,26,809,0.5,0,0,0
83.9,10,26.3,0.984,1.05,0,0,0,0.5,22.6,89.5,21.1,-0.725,-0.221,-0.4,3.8,26,809,0.5,0,0,0
83.9,10,26.3,0.968,1.15,0,0,0,0.5,22.7,89.6,21.1,-0.723,-0.28,-0.4,3.8,26,809,0.5,0,0,0
84.0,10,26.4,0.943,1.19,0,0,0,0.5,22.7,89.6,21.1,-0.725,-0.319,-0.4,3.8,26,809,0.5,0,0,0
84.0,10,26.4,0.913,1.19,0,0,0,0.5,22.8,89.7,21.1,-0.736,-0.346,-0.4,3.8,26,809,0.5,0,0,0
84.1,10,26.4,0.877,1.07,0,0,0,0.5,22.8,89.8,21.1,-0.764,-0.332,-0.4,3.8,26,809,0.5,0,0,0
84.1,10,26.4,0.836,0.784,0,0,0,0.5,22.8,89.8,21.1,-0.802,-0.251,-0.4,3.8,26,809,0.5,0,0,0
84.2,10,26.3,0.809,0.492,0,0,0,0.5,22.8,89.9,21.1,-0.808,-0.156,-0.4,3.8,26,809,0.5,0,0,0
84.2,10,26.3,0.809,0.349,0,0,0,0.5,22.8,89.9,21.1,-0.771,-0.0987,-0.4,3.8,26,809,0.5,0,0,0
84.3,10,26.2,0.826,0.338,0,0,0,0.5,22.8,89.9,21.1,-0.716,-0.0809,-0.4,3.8,26,809,0.5,0,0,0
84.3,10,26.2,0.852,0.447,0,0,0,0.5,22.7,89.8,21.1,-0.663,-0.104,-0.4,3.8,26,809,0.5,0,0,0
84.4,10,26.2,0.88,0.625,0,0,0,0.5,22.7,89.8,21.1,-0.634,-0.155,-0.4,3.8,26,809,0.5,0,0,0
84.4,10,26.2,0.899,0.739,0,0,0,0.5,22.7,89.7,21.1,-0.642,-0.188,-0.4,3.8,26,809,0.5,0,0,0
84.5,10,26.3,0.91,0.736,0,0,0,0.5,22.7,89.7,21.1,-0.673,-0.18,-0.4,3.8,26,809,0.5,0,0,0
84.5,10,26.3,0.921,0.67,0,0,0,0.5,22.7,89.7,21.1,-0.694,-0.146,-0.4,3.8,26,809,0.5,0,0,0
84.6,10,26.3,0.94,0.652,0,0,0,0.5,22.7,89.7,21.1,-0.681,-0.127,-0.4,3.8,26,809,0.5,0,0,0
84.6,10,26.3,0.957,0.737,0,0,0,0.5,22.7,89.6,21.1,-0.649,-0.15,-0.4,3.8,26,809,0.5,0,0,0
84.7,10,26.3,0.96,0.773,0,0,0,0.5,22.7,89.6,21.1,-0.622,-0.166,-0.4,3.8,26,809,0.5,0,0,0
84.7,10,26.3,0.951,0.614,0,0,0,0.5,22.7,89.7,21.1,-0.584,-0.11,-0.4,3.8,26,809,0.5,0,0,0
84.8,10,26.3,0.959,0.406,0,0,0,0.5,22.6,89.7,21.1,-0.478,-0.0225,-0.4,3.8,26,809,0.5,0,0,0
84.8,10,26.2,0.988,0.181,0,0,0,0.5,22.6,89.6,21.1,-0.302,0.0873,-0.4,3.8,26,809,0.5,0,0,0
84.9,10,26.0,1.03,0.0271,0,0,0,0.5,22.5,89.5,21.1,-0.0608,0.181,-0.4,3.8,26,809,0.5,0,0,0
84.9,10,26.0,1.09,0.0549,0,0,0,0.5,22.4,89.4,21.1,0.207,0.204,-0.4,3.8,26,809,0.5,0,0,0
85.0,10,26.0,1.12,0.248,0,0,0,0.5,22.3,89.4,21.1,0.436,0.151,-0.4,3.8,26,809,0.5,0,0,0
85.0,10,26.0,1.14,0.493,0,0,0,0.5,22.2,89.3,21.1,0.585,0.0618,-0.4,3.8,26,809,0.5,0,0,0
85.1,10,26.2,1.14,0.722,0,0,0,0.5,22.2,89.4,21.1,0.659,-0.0316,-0.4,3.8,26,809,0.5,0,0,0
85.1,10,26.2,1.14,0.926,0,0,0,0.5,22.1,89.4,21.1,0.686,-0.114,-0.4,3.8,26,809,0.5,0,0,0
85.2,10,26.3,1.15,1.14,0,0,0,0.5,22.1,89.4,21.1,0.693,-0.197,-0.4,3.8,26,809,0.5,0,0,0
85.2,10,26.4,1.16,1.31,0,0,0,0.5,22.1,89.4,21.1,0.671,-0.261,-0.4,3.8,26,809,0.5,0,0,0
85.3,10,26.5,1.16,1.4,0,0,0,0.5,22.1,89.4,21.1,0.622,-0.297,-0.4,3.8,26,809,0.5,0,0,0
85.3,10,26.6,1.16,1.41,0,0,0,0.5,22.2,89.4,21.1,0.555,-0.31,-0.4,3.8,26,809,0.5,0,0,0
85.4,10,26.6,1.16,1.43,0,0,0,0.5,22.2,89.4,21.1,0.472,-0.325,-0.4,3.8,26,809,0.5,0,0,0
85.4,10,26.6,1.15,1.47,0,0,0,0.5,22.2,89.4,21.1,0.366,-0.353,-0.4,3.8,26,809,0.5,0,0,0
85.5,10,26.5,1.13,1.52,0,0,0,0.5,22.2,89.5,21.1,0.235,-0.391,-0.4,3.8,26,809,0.5,0,0,0
85.5,10,26.5,1.1,1.56,0,0,0,0.5,22.2,89.6,21.1,0.0752,-0.431,-0.4,3.8,26,809,0.5,0,0,0
85.6,10,26.4,1.08,1.54,0,0,0,0.5,22.2,89.6,21.1,-0.106,-0.445,-0.4,3.8,26,809,0.5,0,0,0
85.6,10,26.3,1.06,1.46,0,0,0,0.5,22.2,89.6,21.1,-0.297,-0.428,-0.4,3.8,26,809,0.5,0,0,0
85.7,10,26.2,1.07,1.34,0,0,0,0.5,22.3,89.6,21.1,-0.494,-0.381,-0.4,3.8,26,809,0.5,0,0,0
85.7,10,25.9,1.09,1.26,0,0,0,0.5,22.3,89.6,21.1,-0.689,-0.33,-0.4,3.8,26,809,0.5,0,0,0
85.8,10,25.9,1.13,1.24,0,0,0,0.5,22.3,89.5,21.1,-0.877,-0.296,-0.4,3.8,26,809,0.5,0,0,0
85.8,10,25.8,1.18,1.28,0,0,0,0.5,22.3,89.4,21.1,-1.07,-0.28,-0.4,3.8,26,809,0.5,0,0,0
85.9,10,25.8,1.22,1.27,0,0,0,0.5,22.3,89.4,21.1,-1.28,-0.245,-0.4,3.8,26,809,0.5,0,0,0
85.9,10,25.7,1.26,1.23,0,0,0,0.5,22.3,89.3,21.1,-1.47,-0.203,-0.4,3.8,26,809,0.5,0,0,0
86.0,10,25.7,1.31,1.29,0,0,0,0.5,22.3,89.2,21.1,-1.64,-0.198,-0.4,3.8,26,809,0.5,0,0,0
86.0,10,25.7,1.35,1.37,0,0,0,0.5,22.4,89.1,21.1,-1.8,-0.201,-0.4,3.8,26,809,0.5,0,0,0
86.1,10,25.7,1.39,1.34,0,0,0,0.5,22.4,89.1,21.1,-1.97,-0.17,-0.4,3.8,26,809,0.5,0,0,0
86.1,10,25.6,1.43,1.31,0,0,0,0.5,22.5,89.0,21.1,-2.08,-0.129,-0.4,3.8,26,809,0.5,0,0,0
86.2,10,25.6,1.48,1.3,0,0,0,0.5,22.5,88.9,21.1,-2.13,-0.0933,-0.4,3.8,26,809,0.5,0,0,0
86.2,10,25.4,1.53,1.28,0,0,0,0.5,22.5,88.9,21.1,-2.16,-0.0554,-0.4,3.8,26,809,0.5,0,0,0
86.3,10,25.3,1.58,1.24,0,0,0,0.5,22.5,88.8,21.1,-2.18,-0.00963,-0.4,3.8,26,809,0.5,0,0,0
86.3,10,25.4,1.61,0.914,0,0,0,0.5,22.6,88.7,21.1,-2.24,0.134,-0.4,3.8,26,809,0.5,0,0,0
86.4,10,25.4,1.66,0.631,0,0,0,0.5,22.6,88.7,21.1,-2.26,0.275,-0.4,3.8,26,809,0.5,0,0,0
86.4,10,25.4,1.72,0.489,0,0,0,0.5,22.6,88.6,21.1,-2.24,0.369,-0.4,3.8,26,809,0.5,0,0,0
86.5,10,25.6,1.78,0.346,0,0,0,0.5,22.7,88.5,21.1,-2.23,0.462,-0.4,3.8,26,809,0.5,0,0,0
86.5,10,25.6,1.84,0.198,0,0,0,0.5,22.7,88.4,21.1,-2.22,0.558,-0.4,3.8,26,809,0.5,0,0,0
86.6,10,25.7,1.91,0.133,0,0,0,0.5,22.7,88.3,21.1,-2.19,0.627,-0.4,3.8,26,809,0.5,0,0,0
86.6,10,25.8,1.99,0.152,0,0,0,0.5,22.7,88.2,21.1,-2.15,0.664,-0.4,3.8,26,809,0.5,0,0,0
86.7,10,25.9,2.05,0.276,0,0,0,0.5,22.7,88.1,21.1,-2.12,0.652,-0.4,3.8,26,809,0.5,0,0,0
86.7,10,26.0,2.1,0.395,0,0,0,0.5,22.7,88.0,21.1,-2.14,0.624,-0.4,3.8,26,809,0.5,0,0,0
86.8,10,26.3,2.12,0.463,0,0,0,0.5,22.7,88.0,21.1,-2.18,0.601,-0.4,3.8,26,809,0.5,0,0,0
86.8,10,26.3,2.14,0.547,0,0,0,0.5,22.7,88.0,21.1,-2.21,0.565,-0.4,3.8,26,809,0.5,0,0,0
86.9,10,26.4,2.15,0.593,0,0,0,0.5,22.7,88.0,21.1,-2.22,0.544,-0.4,3.8,26,809,0.5,0,0,0
86.9,10,26.4,2.18,0.613,0,0,0,0.5,22.7,88.0,21.1,-2.17,0.54,-0.4,3.8,26,809,0.5,0,0,0
87.0,10,26.4,2.21,0.732,0,0,0,0.5,22.6,88.0,21.1,-2.06,0.504,-0.4,3.8,26,809,0.5,0,0,0
87.0,10,26.4,2.25,0.8,0,0,0,0.5,22.5,88.0,21.1,-1.9,0.486,-0.4,3.8,26,809,0.5,0,0,0
87.1,10,26.4,2.28,0.763,0,0,0,0.5,22.5,87.9,21.1,-1.72,0.508,-0.4,3.8,26,809,0.5,0,0,0
87.1,10,26.4,2.31,0.651,0,0,0,0.5,22.4,87.9,21.1,-1.49,0.561,-0.4,3.8,26,809,0.5,0,0,0
87.2,10,26.5,2.36,0.64,0,0,0,0.5,22.3,87.9,21.1,-1.2,0.585,-0.4,3.8,26,809,0.5,0,0,0
87.2,10,26.5,2.42,0.815,0,0,0,0.5,22.2,87.8,21.1,-0.892,0.54,-0.4,3.8,26,809,0.5,0,0,0
87.3,10,26.6,2.46,1.11,0,0,0,0.5,22.1,87.8,21.1,-0.621,0.439,-0.4,3.8,26,809,0.5,0,0,0
87.3,10,26.8,2.48,1.34,0,0,0,0.5,22.1,87.8,21.1,-0.436,0.346,-0.4,3.8,26,809,0.5,0,0,0
87.4,10,26.8,2.48,1.49,0,0,0,0.5,22.0,87.8,21.1,-0.319,0.266,-0.4,3.8,26,809,0.5,0,0,0
87.4,10,26.9,2.46,1.59,0,0,0,0.5,22.0,87.9,21.1,-0.255,0.2,-0.4,3.8,26,809,0.5,0,0,0
87.5,10,27.0,2.44,1.6,0,0,0,0.5,22.0,88.0,21.1,-0.233,0.161,-0.4,3.8,26,809,0.5,0,0,0
87.5,10,27.0,2.41,1.54,0,0,0,0.5,22.0,88.1,21.1,-0.246,0.144,-0.4,3.8,26,809,0.5,0,0,0
87.6,10,27.1,2.37,1.51,0,0,0,0.5,22.0,88.2,21.1,-0.289,0.111,-0.4,3.8,26,809,0.5,0,0,0
87.6,10,27.1,2.32,1.51,0,0,0,0.5,22.0,88.3,21.1,-0.368,0.062,-0.4,3.8,26,809,0.5,0,0,0
87.7,10,27.1,2.27,1.47,0,0,0,0.5,22.1,88.5,21.1,-0.478,0.0218,-0.4,3.8,26,809,0.5,0,0,0
87.7,10,27.1,2.22,1.42,0,0,0,0.5,22.1,88.6,21.1,-0.606,-0.0106,-0.4,3.8,26,809,0.5,0,0,0
87.8,10,27.1,2.17,1.25,0,0,0,0.5,22.2,88.7,21.1,-0.739,0.00898,-0.4,3.8,26,809,0.5,0,0,0
87.8,10,27.0,2.14,1.01,0,0,0,0.5,22.2,88.8,21.1,-0.841,0.0708,-0.4,3.8,26,809,0.5,0,0,0
87.9,10,26.9,2.13,0.799,0,0,0,0.5,22.2,88.8,21.1,-0.873,0.141,-0.4,3.8,26,809,0.5,0,0,0
87.9,10,26.8,2.15,0.666,0,0,0,0.5,22.1,88.8,21.1,-0.822,0.2,-0.4,3.8,26,809,0.5,0,0,0
88.0,10,26.6,2.18,0.763,0,0,0,0.5,22.1,88.8,21.1,-0.711,0.175,-0.4,3.8,26,809,0.5,0,0,0
88.0,10,26.5,2.2,0.954,0,0,0,0.5,22.1,88.8,21.1,-0.629,0.0999,-0.4,3.8,26,809,0.5,0,0,0
88.1,10,26.5,2.18,1.04,0,0,0,0.5,22.0,88.8,21.1,-0.599,0.0492,-0.4,3.8,26,809,0.5,0,0,0
88.1,10,26.4,2.16,1.09,0,0,0,0.5,22.0,88.9,21.1,-0.6,0.0018,-0.4,3.8,26,809,0.5,0,0,0
88.2,10,26.4,2.14,1.2,0,0,0,0.5,22.0,89.0,21.1,-0.621,-0.0629,-0.4,3.8,26,809,0.5,0,0,0
88.2,10,26.3,2.13,1.35,0,0,0,0.5,22.0,89.0,21.1,-0.658,-0.138,-0.4,3.8,26,809,0.5,0,0,0
88.3,10,26.2,2.11,1.49,0,0,0,0.5,21.9,89.1,21.1,-0.718,-0.211,-0.4,3.8,26,809,0.5,0,0,0
88.3,10,26.2,2.09,1.58,0,0,0,0.5,21.9,89.1,21.1,-0.799,-0.267,-0.4,3.8,26,809,0.5,0,0,0
88.4,10,26.0,2.08,1.57,0,0,0,0.5,21.9,89.2,21.1,-0.875,-0.285,-0.4,3.8,26,809,0.5,0,0,0
88.4,10,26.0,2.07,1.58,0,0,0,0.5,21.9,89.2,21.1,-0.923,-0.304,-0.4,3.8,26,809,0.5,0,0,0
88.5,10,26.0,2.05,1.63,0,0,0,0.5,22.0,89.3,21.1,-0.959,-0.34,-0.4,3.8,26,809,0.5,0,0,0
88.5,10,25.9,2.03,1.57,0,0,0,0.5,22.0,89.3,21.1,-1.0,-0.337,-0.4,3.8,26,809,0.5,0,0,0
88.6,10,25.9,2.01,1.45,0,0,0,0.5,22.0,89.4,21.1,-1.02,-0.313,-0.4,3.8,26,809,0.5,0,0,0
88.6,10,25.9,1.99,1.41,0,0,0,0.5,22.0,89.4,21.1,-1.02,-0.317,-0.4,3.8,26,809,0.5,0,0,0
88.7,10,25.9,1.98,1.4,0,0,0,0.5,22.0,89.5,21.1,-1.03,-0.329,-0.4,3.8,26,809,0.5,0,0,0
88.7,10,25.8,1.96,1.13,0,0,0,0.5,22.0,89.5,21.1,-1.05,-0.239,-0.4,3.8,26,809,0.5,0,0,0
88.8,10,25.8,1.97,1.07,0,0,0,0.5,22.0,89.5,21.1,-1.01,-0.215,-0.4,3.8,26,809,0.5,0,0,0
88.8,10,25.7,1.99,1.14,0,0,0,0.5,22.0,89.5,21.1,-0.956,-0.232,-0.4,3.8,26,809,0.5,0,0,0
88.9,10,25.7,1.99,1.19,0,0,0,0.5,22.0,89.5,21.1,-0.931,-0.252,-0.4,3.8,26,809,0.5,0,0,0
88.9,10,25.7,1.99,1.21,0,0,0,0.5,22.0,89.5,21.1,-0.937,-0.267,-0.4,3.8,26,809,0.5,0,0,0
89.0,10,25.7,1.99,1.25,0,0,0,0.5,22.0,89.5,21.1,-0.956,-0.287,-0.4,3.8,26,809,0.5,0,0,0
89.0,10,25.7,2.0,1.43,0,0,0,0.5,22.0,89.5,21.1,-0.978,-0.355,-0.4,3.8,26,809,0.5,0,0,0
89.1,10,25.7,2.0,1.57,0,0,0,0.5,22.0,89.5,21.1,-1.04,-0.412,-0.4,3.8,26,809,0.5,0,0,0
89.1,10,25.7,1.99,1.48,0,0,0,0.5,22.1,89.5,21.1,-1.12,-0.388,-0.4,3.8,26,809,0.5,0,0,0
89.2,10,25.8,1.98,1.29,0,0,0,0.5,22.1,89.6,21.1,-1.19,-0.325,-0.4,3.8,26,809,0.5,0,0,0
89.2,10,25.8,1.98,1.17,0,0,0,0.5,22.2,89.6,21.1,-1.23,-0.286,-0.4,3.8,26,809,0.5,0,0,0
89.3,10,25.8,1.98,1.12,0,0,0,0.5,22.2,89.6,21.1,-1.23,-0.265,-0.4,3.8,26,809,0.5,0,0,0
89.3,10,25.8,1.98,1.12,0,0,0,0.5,22.2,89.6,21.1,-1.2,-0.266,-0.4,3.8,26,809,0.5,0,0,0
89.4,10,25.8,1.98,1.17,0,0,0,0.5,22.2,89.6,21.1,-1.17,-0.291,-0.4,3.8,26,809,0.5,0,0,0
89.4,10,25.8,1.97,1.23,0,0,0,0.5,22.2,89.6,21.1,-1.15,-0.33,-0.4,3.8,26,809,0.5,0,0,0
89.5,10,25.8,1.94,1.12,0,0,0,0.5,22.2,89.7,21.1,-1.15,-0.313,-0.4,3.8,26,809,0.5,0,0,0
89.5,10,25.8,1.91,0.941,0,0,0,0.5,22.3,89.8,21.1,-1.15,-0.271,-0.4,3.8,26,809,0.5,0,0,0
89.6,10,25.8,1.89,0.739,0,0,0,0.5,22.3,89.8,21.1,-1.11,-0.21,-0.4,3.8,26,809,0.5,0,0,0
89.6,10,25.7,1.88,0.703,0,0,0,0.5,22.2,89.8,21.1,-1.01,-0.197,-0.4,3.8,26,809,0.5,0,0,0
89.7,10,25.7,1.89,0.705,0,0,0,0.5,22.2,89.8,21.1,-0.92,-0.198,-0.4,3.8,26,809,0.5,0,0,0
89.7,10,25.7,1.89,0.608,0,0,0,0.5,22.2,89.8,21.1,-0.832,-0.16,-0.4,3.8,26,809,0.5,0,0,0
89.8,10,25.7,1.9,0.607,0,0,0,0.5,22.2,89.8,21.1,-0.717,-0.153,-0.4,3.8,26,809,0.5,0,0,0
89.8,10,25.7,1.91,0.741,0,0,0,0.5,22.2,89.8,21.1,-0.593,-0.199,-0.4,3.8,26,809,0.5,0,0,0
89.9,10,25.7,1.91,0.822,0,0,0,0.5,22.1,89.8,21.1,-0.485,-0.233,-0.4,3.8,26,809,0.5,0,0,0
89.9,10,25.7,1.9,0.966,0,0,0,0.5,22.1,89.8,21.1,-0.375,-0.297,-0.4,3.8,26,809,0.5,0,0,0
90.0,10,25.7,1.88,1.29,0,0,0,0.5,22.1,89.8,21.1,-0.28,-0.439,-0.4,3.8,26,809,0.5,0,0,0
90.0,10,25.6,1.84,1.28,0,0,0,0.5,22.1,89.9,21.1,-0.221,-0.468,-0.4,3.8,26,809,0.5,0,0,0
90.1,10,25.6,1.79,1.28,0,0,0,0.5,22.1,90.0,21.1,-0.195,-0.509,-0.4,3.8,26,809,0.5,0,0,0
90.1,10,25.7,1.73,1.13,0,0,0,0.5,22.1,90.2,21.1,-0.213,-0.497,-0.4,3.8,26,809,0.5,0,0,0
90.2,10,25.7,1.67,0.824,0,0,0,0.5,22.2,90.3,21.1,-0.239,-0.427,-0.4,3.8,26,809,0.5,0,0,0
90.2,10,25.7,1.61,0.576,0,0,0,0.5,22.2,90.4,21.1,-0.238,-0.369,-0.4,3.8,26,809,0.5,0,0,0
90.3,10,25.7,1.58,0.425,0,0,0,0.5,22.2,90.4,21.1,-0.206,-0.336,-0.4,3.8,26,809,0.5,0,0,0
90.3,10,25.6,1.55,0.376,0,0,0,0.5,22.1,90.5,21.1,-0.13,-0.329,-0.4,3.8,26,809,0.5,0,0,0
90.4,10,25.6,1.55,0.467,0,0,0,0.5,22.1,90.5,21.1,-0.0137,-0.364,-0.4,3.8,26,809,0.5,0,0,0
90.4,10,25.4,1.55,0.651,0,0,0,0.5,22.1,90.5,21.1,0.112,-0.43,-0.4,3.8,26,809,0.5,0,0,0
90.5,10,25.4,1.55,0.814,0,0,0,0.5,22.0,90.5,21.1,0.22,-0.49,-0.4,3.8,26,809,0.5,0,0,0
90.5,10,25.4,1.54,0.96,0,0,0,0.5,22.0,90.5,21.1,0.314,-0.548,-0.4,3.8,26,809,0.5,0,0,0
90.6,10,25.4,1.53,1.11,0,0,0,0.5,22.0,90.5,21.1,0.396,-0.612,-0.4,3.8,26,809,0.5,0,0,0
90.6,10,25.4,1.5,1.21,0,0,0,0.5,22.0,90.5,21.1,0.454,-0.664,-0.4,3.8,26,809,0.5,0,0,0
90.7,10,25.4,1.47,1.24,0,0,0,0.5,22.0,90.6,21.1,0.49,-0.7,-0.4,3.8,26,809,0.5,0,0,0
90.7,10,25.4,1.43,1.19,0,0,0,0.5,21.9,90.7,21.1,0.513,-0.708,-0.4,3.8,26,809,0.5,0,0,0
90.8,10,25.3,1.39,1.18,0,0,0,0.5,21.9,90.7,21.1,0.546,-0.724,-0.4,3.8,26,809,0.5,0,0,0
90.8,10,25.2,1.36,1.34,0,0,0,0.5,21.9,90.8,21.1,0.581,-0.804,-0.4,3.8,26,809,0.5,0,0,0
90.9,10,25.1,1.32,1.54,0,0,0,0.5,21.9,90.8,21.1,0.588,-0.907,-0.4,3.8,26,809,0.5,0,0,0
90.9,10,25.0,1.27,1.64,0,0,0,0.5,21.9,90.9,21.1,0.569,-0.976,-0.4,3.8,26,809,0.5,0,0,0
91.0,10,25.0,1.22,1.61,0,0,0,0.5,21.9,91.0,21.1,0.538,-0.995,-0.4,3.8,26,809,0.5,0,0,0
91.0,10,24.8,1.17,1.44,0,0,0,0.5,21.9,91.1,21.1,0.51,-0.957,-0.4,3.8,26,809,0.5,0,0,0
91.1,10,24.7,1.14,1.26,0,0,0,0.5,21.9,91.1,21.1,0.509,-0.906,-0.4,3.8,26,809,0.5,0,0,0
91.1,10,24.6,1.12,1.2,0,0,0,0.5,21.8,91.1,21.1,0.535,-0.886,-0.4,3.8,26,809,0.5,0,0,0
91.2,10,24.5,1.11,1.28,0,0,0,0.5,21.8,91.1,21.1,0.566,-0.916,-0.4,3.8,26,809,0.5,0,0,0
91.2,10,24.5,1.09,1.42,0,0,0,0.5,21.8,91.1,21.1,0.577,-0.976,-0.4,3.8,26,809,0.5,0,0,0
91.3,10,24.5,1.07,1.55,0,0,0,0.5,21.9,91.2,21.1,0.558,-1.03,-0.4,3.8,26,809,0.5,0,0,0
91.3,10,24.4,1.04,1.56,0,0,0,0.5,21.9,91.2,21.1,0.513,-1.05,-0.4,3.8,26,809,0.5,0,0,0
91.4,10,24.4,1.02,1.49,0,0,0,0.5,21.9,91.2,21.1,0.458,-1.03,-0.4,3.8,26,809,0.5,0,0,0
91.4,10,24.4,1.0,1.48,0,0,0,0.5,22.0,91.2,21.1,0.398,-1.04,-0.4,3.8,26,809,0.5,0,0,0
91.5,10,24.2,0.981,1.44,0,0,0,0.5,22.0,91.2,21.1,0.303,-1.03,-0.4,3.8,26,809,0.5,0,0,0
91.5,10,24.2,0.948,1.44,0,0,0,0.5,22.1,91.3,21.1,0.171,-1.05,-0.4,3.8,26,809,0.5,0,0,0
91.6,10,24.1,0.904,1.45,0,0,0,0.5,22.2,91.4,21.1,0.00155,-1.08,-0.4,3.8,26,809,0.5,0,0,0
91.6,10,24.0,0.856,1.47,0,0,0,0.5,22.2,91.4,21.1,-0.191,-1.12,-0.4,3.8,26,809,0.5,0,0,0
91.7,10,23.9,0.81,1.47,0,0,0,0.5,22.3,91.5,21.1,-0.394,-1.15,-0.4,3.8,26,809,0.5,0,0,0
91.7,10,23.8,0.765,1.43,0,0,0,0.5,22.4,91.5,21.1,-0.605,-1.16,-0.4,3.8,26,809,0.5,0,0,0
91.8,10,23.6,0.712,1.26,0,0,0,0.5,22.5,91.6,21.1,-0.843,-1.13,-0.4,3.8,26,809,0.5,0,0,0
91.8,10,23.6,0.66,1.06,0,0,0,0.5,22.6,91.7,21.1,-1.1,-1.08,-0.4,3.8,26,809,0.5,0,0,0
91.9,10,23.5,0.617,0.939,0,0,0,0.5,22.6,91.7,21.1,-1.35,-1.06,-0.4,3.8,26,809,0.5,0,0,0
91.9,10,23.4,0.581,0.676,0,0,0,0.5,22.7,91.8,21.1,-1.61,-0.97,-0.4,3.8,26,809,0.5,0,0,0
92.0,10,23.3,0.583,0.379,0,0,0,0.5,22.7,91.7,21.1,-1.76,-0.833,-0.4,3.8,26,809,0.5,0,0,0
92.0,10,23.2,0.644,0.692,0,0,0,0.5,22.7,91.6,21.1,-1.72,-0.896,-0.4,3.8,26,809,0.5,0,0,0
92.1,10,23.0,0.685,1.06,0,0,0,0.5,22.7,91.5,21.1,-1.7,-0.996,-0.4,3.8,26,809,0.5,0,0,0
92.1,10,22.9,0.696,1.29,0,0,0,0.5,22.7,91.4,21.1,-1.72,-1.07,-0.4,3.8,26,809,0.5,0,0,0
92.2,10,22.9,0.688,1.2,0,0,0,0.5,22.7,91.4,21.1,-1.72,-1.03,-0.4,3.8,26,809,0.5,0,0,0
92.2,10,22.9,0.694,1.15,0,0,0,0.5,22.6,91.4,21.1,-1.67,-0.987,-0.4,3.8,26,809,0.5,0,0,0
92.3,10,22.9,0.708,0.999,0,0,0,0.5,22.7,91.3,21.1,-1.58,-0.907,-0.4,3.8,26,809,0.5,0,0,0
92.3,10,22.9,0.732,0.885,0,0,0,0.5,22.7,91.2,21.1,-1.47,-0.835,-0.4,3.8,26,809,0.5,0,0,0
92.4,10,22.9,0.755,0.809,0,0,0,0.5,22.7,91.2,21.1,-1.38,-0.778,-0.4,3.8,26,809,0.5,0,0,0
92.4,10,23.0,0.776,0.84,0,0,0,0.5,22.8,91.1,21.1,-1.31,-0.768,-0.4,3.8,26,809,0.5,0,0,0
92.5,10,23.0,0.783,0.786,0,0,0,0.5,22.8,91.1,21.1,-1.26,-0.733,-0.4,3.8,26,809,0.5,0,0,0
92.5,10,23.0,0.793,0.773,0,0,0,0.5,22.8,91.0,21.1,-1.21,-0.712,-0.4,3.8,26,809,0.5,0,0,0
92.6,10,22.9,0.802,0.839,0,0,0,0.5,22.8,91.0,21.1,-1.13,-0.723,-0.4,3.8,26,809,0.5,0,0,0
92.6,10,22.9,0.799,0.951,0,0,0,0.5,22.8,91.0,21.1,-1.08,-0.762,-0.4,3.8,26,809,0.5,0,0,0
92.7,10,22.8,0.783,0.857,0,0,0,0.5,22.8,91.0,21.1,-1.07,-0.73,-0.4,3.8,26,809,0.5,0,0,0
92.7,10,22.9,0.776,0.787,0,0,0,0.5,22.8,91.0,21.1,-1.06,-0.699,-0.4,3.8,26,809,0.5,0,0,0
92.8,10,22.9,0.778,0.713,0,0,0,0.5,22.8,90.9,21.1,-1.04,-0.66,-0.4,3.8,26,809,0.5,0,0,0
92.8,10,23.0,0.788,0.721,0,0,0,0.5,22.8,90.9,21.1,-0.995,-0.648,-0.4,3.8,26,809,0.5,0,0,0
92.9,10,23.0,0.796,0.764,0,0,0,0.5,22.8,90.9,21.1,-0.952,-0.652,-0.4,3.8,26,809,0.5,0,0,0
92.9,10,23.2,0.8,0.768,0,0,0,0.5,22.8,90.8,21.1,-0.919,-0.643,-0.4,3.8,26,809,0.5,0,0,0
93.0,10,23.2,0.804,0.754,0,0,0,0.5,22.8,90.8,21.1,-0.887,-0.628,-0.4,3.8,26,809,0.5,0,0,0
93.0,10,23.2,0.81,0.839,0,0,0,0.5,22.8,90.8,21.1,-0.85,-0.652,-0.4,3.8,26,809,0.5,0,0,0
93.1,10,23.2,0.806,0.949,0,0,0,0.5,22.8,90.8,21.1,-0.837,-0.693,-0.4,3.8,26,809,0.5,0,0,0
93.1,10,23.2,0.788,1.03,0,0,0,0.5,22.9,90.8,21.1,-0.86,-0.737,-0.4,3.8,26,809,0.5,0,0,0
93.2,10,23.2,0.756,1.06,0,0,0,0.5,22.9,90.9,21.1,-0.906,-0.768,-0.4,3.8,26,809,0.5,0,0,0
93.2,10,23.2,0.719,0.968,0,0,0,0.5,22.9,90.9,21.1,-0.958,-0.754,-0.4,3.8,26,809,0.5,0,0,0
93.3,10,23.2,0.69,0.884,0,0,0,0.5,23.0,91.0,21.1,-0.995,-0.738,-0.4,3.8,26,809,0.5,0,0,0
93.3,10,23.2,0.664,0.857,0,0,0,0.5,23.0,91.0,21.1,-1.03,-0.741,-0.4,3.8,26,809,0.5,0,0,0
93.4,10,23.2,0.637,0.947,0,0,0,0.5,23.0,91.0,21.1,-1.07,-0.792,-0.4,3.8,26,809,0.5,0,0,0
93.4,10,23.0,0.603,0.982,0,0,0,0.5,23.0,91.1,21.1,-1.13,-0.824,-0.4,3.8,26,809,0.5,0,0,0
93.5,10,22.9,0.578,0.847,0,0,0,0.5,23.0,91.1,21.1,-1.19,-0.78,-0.4,3.8,26,809,0.5,0,0,0
93.5,10,22.9,0.584,0.628,0,0,0,0.5,23.0,91.1,21.1,-1.18,-0.675,-0.4,3.8,26,809,0.5,0,0,0
93.6,10,22.8,0.627,0.519,0,0,0,0.5,23.0,90.9,21.1,-1.08,-0.587,-0.4,3.8,26,809,0.5,0,0,0
93.6,10,22.7,0.685,0.574,0,0,0,0.5,22.9,90.8,21.1,-0.931,-0.554,-0.4,3.8,26,809,0.5,0,0,0
93.7,10,22.7,0.729,0.67,0,0,0,0.5,22.9,90.7,21.1,-0.787,-0.552,-0.4,3.8,26,809,0.5,0,0,0
93.7,10,22.6,0.752,0.735,0,0,0,0.5,22.9,90.6,21.1,-0.661,-0.553,-0.4,3.8,26,809,0.5,0,0,0
93.8,10,22.6,0.769,0.769,0,0,0,0.5,22.9,90.6,21.1,-0.545,-0.549,-0.4,3.8,26,809,0.5,0,0,0
93.8,10,22.4,0.783,0.809,0,0,0,0.5,22.9,90.6,21.1,-0.448,-0.549,-0.4,3.8,26,809,0.5,0,0,0
93.9,10,22.4,0.796,0.873,0,0,0,0.5,22.9,90.5,21.1,-0.367,-0.56,-0.4,3.8,26,809,0.5,0,0,0
93.9,10,22.4,0.804,0.877,0,0,0,0.5,22.9,90.5,21.1,-0.307,-0.552,-0.4,3.8,26,809,0.5,0,0,0
94.0,10,22.4,0.811,0.819,0,0,0,0.5,22.9,90.5,21.1,-0.253,-0.519,-0.4,3.8,26,809,0.5,0,0,0
94.0,10,22.3,0.822,0.842,0,0,0,0.5,22.9,90.4,21.1,-0.191,-0.516,-0.4,3.8,26,809,0.5,0,0,0
94.1,10,22.3,0.826,0.77,0,0,0,0.5,22.9,90.4,21.1,-0.149,-0.48,-0.4,3.8,26,809,0.5,0,0,0
94.1,10,22.3,0.83,0.684,0,0,0,0.5,22.9,90.4,21.1,-0.103,-0.439,-0.4,3.8,26,809,0.5,0,0,0
94.2,10,22.2,0.837,0.717,0,0,0,0.5,22.9,90.4,21.1,-0.0491,-0.444,-0.4,3.8,26,809,0.5,0,0,0
94.2,10,22.2,0.841,0.727,0,0,0,0.5,22.9,90.4,21.1,-0.012,-0.441,-0.4,3.8,26,809,0.5,0,0,0
94.3,10,22.1,0.85,0.724,0,0,0,0.5,22.9,90.4,21.1,0.0211,-0.429,-0.4,3.8,26,809,0.5,0,0,0
94.3,10,22.1,0.867,0.757,0,0,0,0.5,22.9,90.3,21.1,0.0437,-0.425,-0.4,3.8,26,809,0.5,0,0,0
94.4,10,22.0,0.896,0.841,0,0,0,0.5,22.8,90.2,21.1,0.0581,-0.432,-0.4,3.8,26,809,0.5,0,0,0
94.4,10,22.0,0.931,0.979,0,0,0,0.5,22.8,90.2,21.1,0.0552,-0.458,-0.4,3.8,26,809,0.5,0,0,0
94.5,10,22.0,0.957,1.08,0,0,0,0.5,22.8,90.1,21.1,0.0156,-0.476,-0.4,3.8,26,809,0.5,0,0,0
94.5,10,22.0,0.971,1.12,0,0,0,0.5,22.8,90.1,21.1,-0.053,-0.481,-0.4,3.8,26,809,0.5,0,0,0
94.6,10,22.0,0.977,1.19,0,0,0,0.5,22.8,90.1,21.1,-0.132,-0.504,-0.4,3.8,26,809,0.5,0,0,0
94.6,10,22.1,0.974,1.32,0,0,0,0.5,22.8,90.1,21.1,-0.222,-0.557,-0.4,3.8,26,809,0.5,0,0,0
94.7,10,22.1,0.957,1.41,0,0,0,0.5,22.9,90.1,21.1,-0.328,-0.61,-0.4,3.8,26,809,0.5,0,0,0
94.7,10,22.1,0.925,1.39,0,0,0,0.5,23.0,90.2,21.1,-0.466,-0.63,-0.4,3.8,26,809,0.5,0,0,0
94.8,10,22.1,0.884,1.15,0,0,0,0.5,23.0,90.3,21.1,-0.628,-0.566,-0.4,3.8,26,809,0.5,0,0,0
94.8,10,22.1,0.859,1.0,0,0,0,0.5,23.1,90.3,21.1,-0.731,-0.526,-0.4,3.8,26,809,0.5,0,0,0
94.9,10,22.0,0.821,0.765,0,0,0,0.5,23.1,90.4,21.1,-0.87,-0.459,-0.4,3.8,26,809,0.5,0,0,0
94.9,10,22.0,0.781,0.463,0,0,0,0.5,23.2,90.4,21.1,-1.01,-0.365,-0.4,3.8,26,809,0.5,0,0,0
95.0,10,22.0,0.766,0.327,0,0,0,0.5,23.2,90.5,21.1,-1.09,-0.318,-0.4,3.8,26,809,0.5,0,0,0
95.0,10,21.8,0.773,0.382,0,0,0,0.5,23.2,90.4,21.1,-1.15,-0.331,-0.4,3.8,26,809,0.5,0,0,0
95.1,10,21.8,0.786,0.374,0,0,0,0.5,23.3,90.4,21.1,-1.23,-0.315,-0.4,3.8,26,809,0.5,0,0,0
95.1,10,21.8,0.807,0.313,0,0,0,0.5,23.3,90.3,21.1,-1.3,-0.268,-0.4,3.8,26,809,0.5,0,0,0
95.2,10,21.8,0.844,0.344,0,0,0,0.5,23.4,90.3,21.1,-1.35,-0.249,-0.4,3.8,26,809,0.5,0,0,0
95.2,10,21.8,0.879,0.346,0,0,0,0.5,23.4,90.2,21.1,-1.42,-0.219,-0.4,3.8,26,809,0.5,0,0,0
95.3,10,21.8,0.915,0.39,0,0,0,0.5,23.4,90.1,21.1,-1.48,-0.206,-0.4,3.8,26,809,0.5,0,0,0
95.3,10,21.8,0.951,0.58,0,0,0,0.5,23.4,90.0,21.1,-1.5,-0.254,-0.4,3.8,26,809,0.5,0,0,0
95.4,10,21.7,0.976,0.852,0,0,0,0.5,23.4,90.0,21.1,-1.53,-0.345,-0.4,3.8,26,809,0.5,0,0,0
95.4,10,21.7,0.985,1.12,0,0,0,0.5,23.4,90.0,21.1,-1.57,-0.45,-0.4,3.8,26,809,0.5,0,0,0
95.5,10,21.7,0.973,1.18,0,0,0,0.5,23.4,90.0,21.1,-1.66,-0.485,-0.4,3.8,26,809,0.5,0,0,0
95.5,10,21.7,0.958,1.18,0,0,0,0.5,23.4,90.0,21.1,-1.75,-0.495,-0.4,3.8,26,809,0.5,0,0,0
95.6,10,21.7,0.945,1.14,0,0,0,0.5,23.4,90.1,21.1,-1.8,-0.489,-0.4,3.8,26,809,0.5,0,0,0
95.6,10,21.7,0.929,1.08,0,0,0,0.5,23.4,90.1,21.1,-1.83,-0.476,-0.4,3.8,26,809,0.5,0,0,0
95.7,10,21.7,0.911,1.0,0,0,0,0.5,23.4,90.1,21.1,-1.84,-0.459,-0.4,3.8,26,809,0.5,0,0,0
95.7,10,21.7,0.894,0.935,0,0,0,0.5,23.4,90.2,21.1,-1.81,-0.443,-0.4,3.8,26,809,0.5,0,0,0
95.8,10,21.7,0.888,0.903,0,0,0,0.5,23.3,90.2,21.1,-1.74,-0.432,-0.4,3.8,26,809,0.5,0,0,0
95.8,10,21.8,0.894,0.89,0,0,0,0.5,23.3,90.1,21.1,-1.61,-0.419,-0.4,3.8,26,809,0.5,0,0,0
95.9,10,21.8,0.909,0.919,0,0,0,0.5,23.2,90.1,21.1,-1.45,-0.416,-0.4,3.8,26,809,0.5,0,0,0
95.9,10,22.0,0.927,0.98,0,0,0,0.5,23.2,90.1,21.1,-1.25,-0.423,-0.4,3.8,26,809,0.5,0,0,0
96.0,10,22.1,0.945,0.695,0,0,0,0.5,23.1,90.0,21.1,-1.02,-0.291,-0.4,3.8,26,809,0.5,0,0,0
96.0,10,22.2,0.991,0.588,0,0,0,0.5,23.1,89.9,21.1,-0.773,-0.211,-0.4,3.8,26,809,0.5,0,0,0
96.1,10,22.4,1.04,0.548,0,0,0,0.5,23.1,89.8,21.1,-0.576,-0.16,-0.4,3.8,26,809,0.5,0,0,0
96.1,10,22.6,1.07,0.615,0,0,0,0.5,23.1,89.8,21.1,-0.427,-0.166,-0.4,3.8,26,809,0.5,0,0,0
96.2,10,22.7,1.07,0.766,0,0,0,0.5,23.1,89.8,21.1,-0.338,-0.226,-0.4,3.8,26,809,0.5,0,0,0
96.2,10,22.7,1.05,0.85,0,0,0,0.5,23.1,89.8,21.1,-0.306,-0.277,-0.4,3.8,26,809,0.5,0,0,0
96.3,10,22.8,1.02,0.831,0,0,0,0.5,23.1,89.9,21.1,-0.31,-0.296,-0.4,3.8,26,809,0.5,0,0,0
96.3,10,22.8,0.992,0.719,0,0,0,0.5,23.1,90.0,21.1,-0.329,-0.276,-0.4,3.8,26,809,0.5,0,0,0
96.4,10,22.7,0.971,0.515,0,0,0,0.5,23.1,90.0,21.1,-0.335,-0.209,-0.4,3.8,26,809,0.5,0,0,0
96.4,10,22.7,0.973,0.441,0,0,0,0.5,23.1,90.0,21.1,-0.295,-0.176,-0.4,3.8,26,809,0.5,0,0,0
96.5,10,22.7,0.987,0.535,0,0,0,0.5,23.1,90.0,21.1,-0.226,-0.202,-0.4,3.8,26,809,0.5,0,0,0
96.5,10,22.7,0.998,0.717,0,0,0,0.5,23.0,90.0,21.1,-0.16,-0.268,-0.4,3.8,26,809,0.5,0,0,0
96.6,10,22.7,0.996,0.902,0,0,0,0.5,23.0,90.0,21.1,-0.121,-0.345,-0.4,3.8,26,809,0.5,0,0,0
96.6,10,22.7,0.984,1.06,0,0,0,0.5,23.0,90.0,21.1,-0.108,-0.417,-0.4,3.8,26,809,0.5,0,0,0
96.7,10,22.7,0.964,1.15,0,0,0,0.5,22.9,90.0,21.1,-0.123,-0.469,-0.4,3.8,26,809,0.5,0,0,0
96.7,10,22.6,0.946,1.29,0,0,0,0.5,22.9,90.1,21.1,-0.157,-0.541,-0.4,3.8,26,809,0.5,0,0,0
96.8,10,22.6,0.927,1.5,0,0,0,0.5,22.9,90.1,21.1,-0.215,-0.638,-0.4,3.8,26,809,0.5,0,0,0
96.8,10,22.6,0.896,1.62,0,0,0,0.5,22.9,90.2,21.1,-0.303,-0.714,-0.4,3.8,26,809,0.5,0,0,0
96.9,10,22.4,0.856,1.67,0,0,0,0.5,23.0,90.2,21.1,-0.415,-0.766,-0.4,3.8,26,809,0.5,0,0,0
96.9,10,22.4,0.82,1.65,0,0,0,0.5,23.0,90.3,21.1,-0.534,-0.785,-0.4,3.8,26,809,0.5,0,0,0
97.0,10,22.3,0.795,1.58,0,0,0,0.5,23.1,90.3,21.1,-0.644,-0.773,-0.4,3.8,26,809,0.5,0,0,0
97.0,10,22.2,0.784,1.52,0,0,0,0.5,23.1,90.4,21.1,-0.746,-0.756,-0.4,3.8,26,809,0.5,0,0,0
97.1,10,22.1,0.778,1.35,0,0,0,0.5,23.1,90.4,21.1,-0.851,-0.689,-0.4,3.8,26,809,0.5,0,0,0
97.1,10,22.0,0.785,1.11,0,0,0,0.5,23.1,90.3,21.1,-0.947,-0.582,-0.4,3.8,26,809,0.5,0,0,0
97.2,10,21.8,0.808,0.759,0,0,0,0.5,23.2,90.3,21.1,-1.03,-0.42,-0.4,3.8,26,809,0.5,0,0,0
97.2,10,21.7,0.86,0.299,0,0,0,0.5,23.1,90.2,21.1,-1.03,-0.186,-0.4,3.8,26,809,0.5,0,0,0
97.3,10,21.7,0.955,0.0967,0,0,0,0.5,23.1,90.0,21.1,-0.901,-0.0259,-0.4,3.8,26,809,0.5,0,0,0
97.3,10,21.6,1.06,0.18,0,0,0,0.5,23.1,89.8,21.1,-0.739,0.0205,-0.4,3.8,26,809,0.5,0,0,0
97.4,10,21.7,1.13,0.342,0,0,0,0.5,23.1,89.6,21.1,-0.635,0.00822,-0.4,3.8,26,809,0.5,0,0,0
97.4,10,21.7,1.16,0.402,0,0,0,0.5,23.1,89.6,21.1,-0.608,0.00548,-0.4,3.8,26,809,0.5,0,0,0
97.5,10,21.8,1.18,0.443,0,0,0,0.5,23.1,89.6,21.1,-0.624,-0.0012,-0.4,3.8,26,809,0.5,0,0,0
97.5,10,22.0,1.19,0.487,0,0,0,0.5,23.1,89.5,21.1,-0.661,-0.00969,-0.4,3.8,26,809,0.5,0,0,0
97.6,10,22.0,1.21,0.533,0,0,0,0.5,23.1,89.5,21.1,-0.711,-0.0173,-0.4,3.8,26,809,0.5,0,0,0
97.6,10,22.0,1.23,0.622,0,0,0,0.5,23.2,89.5,21.1,-0.777,-0.0441,-0.4,3.8,26,809,0.5,0,0,0
97.7,10,22.1,1.24,0.735,0,0,0,0.5,23.2,89.5,21.1,-0.862,-0.0884,-0.4,3.8,26,809,0.5,0,0,0
97.7,10,22.1,1.23,0.858,0,0,0,0.5,23.2,89.5,21.1,-0.969,-0.145,-0.4,3.8,26,809,0.5,0,0,0
97.8,10,22.1,1.22,0.871,0,0,0,0.5,23.2,89.5,21.1,-1.1,-0.164,-0.4,3.8,26,809,0.5,0,0,0
97.8,10,22.1,1.21,0.705,0,0,0,0.5,23.2,89.6,21.1,-1.23,-0.111,-0.4,3.8,26,809,0.5,0,0,0
97.9,10,22.1,1.21,0.594,0,0,0,0.5,23.2,89.6,21.1,-1.33,-0.0657,-0.4,3.8,26,809,0.5,0,0,0
97.9,10,22.1,1.23,0.577,0,0,0,0.5,23.2,89.5,21.1,-1.39,-0.0434,-0.4,3.8,26,809,0.5,0,0,0
98.0,10,22.2,1.27,0.578,0,0,0,0.5,23.2,89.5,21.1,-1.42,-0.0188,-0.4,3.8,26,809,0.5,0,0,0
98.0,10,22.2,1.31,0.607,0,0,0,0.5,23.2,89.4,21.1,-1.44,-0.0035,-0.4,3.8,26,809,0.5,0,0,0
98.1,10,22.2,1.35,0.642,0,0,0,0.5,23.2,89.3,21.1,-1.46,0.00814,-0.4,3.8,26,809,0.5,0,0,0
98.1,10,22.2,1.38,0.681,0,0,0,0.5,23.2,89.3,21.1,-1.48,0.0146,-0.4,3.8,26,809,0.5,0,0,0
98.2,10,22.3,1.41,0.725,0,0,0,0.5,23.2,89.2,21.1,-1.53,0.0141,-0.4,3.8,26,809,0.5,0,0,0
98.2,10,22.4,1.43,0.754,0,0,0,0.5,23.2,89.2,21.1,-1.59,0.0122,-0.4,3.8,26,809,0.5,0,0,0
98.3,10,22.4,1.45,0.87,0,0,0,0.5,23.2,89.2,21.1,-1.65,-0.03,-0.4,3.8,26,809,0.5,0,0,0
98.3,10,22.6,1.44,0.903,0,0,0,0.5,23.3,89.2,21.1,-1.76,-0.0508,-0.4,3.8,26,809,0.5,0,0,0
98.4,10,22.6,1.44,0.917,0,0,0,0.5,23.4,89.2,21.1,-1.84,-0.0625,-0.4,3.8,26,809,0.5,0,0,0
98.4,10,22.7,1.45,0.872,0,0,0,0.5,23.4,89.2,21.1,-1.92,-0.0485,-0.4,3.8,26,809,0.5,0,0,0
98.5,10,22.6,1.46,0.966,0,0,0,0.5,23.4,89.2,21.1,-1.99,-0.0848,-0.4,3.8,26,809,0.5,0,0,0
98.5,10,22.6,1.47,1.05,0,0,0,0.5,23.4,89.2,21.1,-2.04,-0.118,-0.4,3.8,26,809,0.5,0,0,0
98.6,10,22.4,1.47,1.12,0,0,0,0.5,23.4,89.2,21.1,-2.11,-0.149,-0.4,3.8,26,809,0.5,0,0,0
98.6,10,22.4,1.47,1.11,0,0,0,0.5,23.4,89.3,21.1,-2.2,-0.154,-0.4,3.8,26,809,0.5,0,0,0
98.7,10,22.4,1.46,0.716,0,0,0,0.5,23.4,89.3,21.1,-2.28,-0.00303,-0.4,3.8,26,809,0.5,0,0,0
98.7,10,22.4,1.49,0.386,0,0,0,0.5,23.4,89.2,21.1,-2.27,0.156,-0.4,3.8,26,809,0.5,0,0,0
98.8,10,22.4,1.56,0.158,0,0,0,0.5,23.4,89.1,21.1,-2.16,0.299,-0.4,3.8,26,809,0.5,0,0,0
98.8,10,22.6,1.65,0.137,0,0,0,0.5,23.3,88.9,21.1,-1.97,0.372,-0.4,3.8,26,809,0.5,0,0,0
98.9,10,22.7,1.73,0.264,0,0,0,0.5,23.3,88.8,21.1,-1.8,0.374,-0.4,3.8,26,809,0.5,0,0,0
98.9,10,22.8,1.78,0.318,0,0,0,0.5,23.3,88.7,21.1,-1.68,0.384,-0.4,3.8,26,809,0.5,0,0,0
99.0,10,22.9,1.82,0.263,0,0,0,0.5,23.2,88.7,21.1,-1.59,0.428,-0.4,3.8,26,809,0.5,0,0,0
99.0,10,23.0,1.86,0.231,0,0,0,0.5,23.2,88.6,21.1,-1.48,0.465,-0.4,3.8,26,809,0.5,0,0,0
99.1,10,23.2,1.91,0.308,0,0,0,0.5,23.2,88.6,21.1,-1.34,0.459,-0.4,3.8,26,809,0.5,0,0,0
99.1,10,23.3,1.95,0.481,0,0,0,0.5,23.1,88.5,21.1,-1.19,0.408,-0.4,3.8,26,809,0.5,0,0,0
99.2,10,23.3,1.97,0.555,0,0,0,0.5,23.1,88.5,21.1,-1.03,0.382,-0.4,3.8,26,809,0.5,0,0,0
99.2,10,23.4,1.99,0.54,0,0,0,0.5,23.0,88.5,21.1,-0.847,0.388,-0.4,3.8,26,809,0.5,0,0,0
99.3,10,23.4,2.01,0.501,0,0,0,0.5,22.9,88.5,21.1,-0.615,0.408,-0.4,3.8,26,809,0.5,0,0,0
99.3,10,23.4,2.04,0.446,0,0,0,0.5,22.9,88.5,21.1,-0.349,0.438,-0.4,3.8,26,809,0.5,0,0,0
99.4,10,23.4,2.06,0.489,0,0,0,0.5,22.8,88.4,21.1,-0.0708,0.427,-0.4,3.8,26,809,0.5,0,0,0
99.4,10,23.4,2.07,0.654,0,0,0,0.5,22.7,88.5,21.1,0.158,0.353,-0.4,3.8,26,809,0.5,0,0,0
99.5,10,23.4,2.06,0.981,0,0,0,0.5,22.5,88.5,21.1,0.298,0.199,-0.4,3.8,26,809,0.5,0,0,0
99.5,10,23.4,2.03,1.47,0,0,0,0.5,22.5,88.6,21.1,0.325,-0.0317,-0.4,3.8,26,809,0.5,0,0,0
99.6,10,23.4,1.99,1.77,0,0,0,0.5,22.4,88.7,21.1,0.253,-0.188,-0.4,3.8,26,809,0.5,0,0,0
99.6,10,23.4,1.97,2.05,0,0,0,0.5,22.4,88.8,21.1,0.139,-0.32,-0.4,3.8,26,809,0.5,0,0,0
99.7,10,23.4,1.97,2.29,0,0,0,0.5,22.4,88.8,21.1,-0.0111,-0.428,-0.4,3.8,26,809,0.5,0,0,0
99.7,10,23.5,1.96,2.48,0,0,0,0.5,22.4,88.9,21.1,-0.193,-0.52,-0.4,3.8,26,809,0.5,0,0,0
99.8,10,23.6,1.93,2.54,0,0,0,0.5,22.4,88.9,21.1,-0.414,-0.573,-0.4,3.8,26,809,0.5,0,0,0
99.8,10,23.9,1.89,2.44,0,0,0,0.5,22.4,89.0,21.1,-0.664,-0.574,-0.4,3.8,26,809,0.5,0,0,0
99.9,10,24.0,1.85,2.29,0,0,0,0.5,22.5,89.1,21.1,-0.922,-0.557,-0.4,3.8,26,809,0.5,0,0,0
99.9,10,24.0,1.81,2.14,0,0,0,0.5,22.5,89.2,21.1,-1.18,-0.535,-0.4,3.8,26,809,0.5,0,0,0
100.0,10,24.1,1.78,1.92,0,0,0,0.5,22.6,89.3,21.1,-1.44,-0.487,-0.4,3.8,26,809,0.5,0,0,0
100.0,10,24.1,1.75,1.73,0,0,0,0.5,22.7,89.4,21.1,-1.68,-0.437,-0.4,3.8,26,809,0.5,0,0,0
100.0,10,24.0,1.73,1.5,0,0,0,0.5,22.8,89.4,21.1,-1.94,-0.367,-0.4,3.8,26,809,0.5,0,0,0
100.0,10,24.0,1.73,1.24,0,0,0,0.5,22.8,89.4,21.1,-2.21,-0.27,-0.4,3.8,26,809,0.5,0,0,0
100.0,10,23.9,1.75,0.922,0,0,0,0.5,22.9,89.4,21.1,-2.45,-0.132,-0.4,3.8,26,809,0.5,0,0,0
100.0,10,23.8,1.79,0.668,0,0,0,0.5,22.9,89.3,21.1,-2.58,0.00104,-0.4,3.8,26,809,0.5,0,0,0
100.0,10,23.6,1.85,0.581,0,0,0,0.5,22.9,89.2,21.1,-2.64,0.0824,-0.4,3.8,26,809,0.5,0,0,0
100.0,10,23.5,1.92,0.646,0,0,0,0.5,22.9,89.1,21.1,-2.65,0.105,-0.4,3.8,26,809,0.5,0,0,0
100.0,10,23.4,1.98,0.708,0,0,0,0.5,22.9,89.0,21.1,-2.67,0.116,-0.4,3.8,26,809,0.5,0,0,0
100.0,10,23.4,2.02,0.763,0,0,0,0.5,22.9,88.9,21.1,-2.67,0.122,-0.4,3.8,26,809,0.5,0,0,0
100.0,10,23.5,2.07,1.04,0,0,0,0.5,22.9,88.9,21.1,-2.63,0.0399,-0.4,3.8,26,809,0.5,0,0,0
101.0,10,23.5,2.1,1.33,0,0,0,0.5,22.9,88.8,21.1,-2.56,-0.0608,-0.4,3.8,26,809,0.5,0,0,0
101.0,10,23.5,2.11,1.53,0,0,0,0.5,22.8,88.8,21.1,-2.47,-0.143,-0.4,3.8,26,809,0.5,0,0,0
101.0,10,23.5,2.11,1.67,0,0,0,0.5,22.8,88.9,21.1,-2.33,-0.21,-0.4,3.8,26,809,0.5,0,0,0
101.0,10,23.6,2.09,1.75,0,0,0,0.5,22.8,88.9,21.1,-2.18,-0.265,-0.4,3.8,26,809,0.5,0,0,0
101.0,10,23.6,2.06,1.76,0,0,0,0.5,22.8,89.0,21.1,-2.01,-0.307,-0.4,3.8,26,809,0.5,0,0,0
101.0,10,23.6,2.01,1.64,0,0,0,0.5,22.7,89.1,21.1,-1.84,-0.307,-0.4,3.8,26,809,0.5,0,0,0
101.0,10,23.6,1.95,0.999,0,0,0,0.5,22.7,89.3,21.1,-1.67,-0.0996,-0.4,3.8,26,809,0.5,0,0,0
101.0,10,23.8,1.95,0.546,0,0,0,0.5,22.7,89.3,21.1,-1.39,0.0743,-0.4,3.8,26,809,0.5,0,0,0
101.0,10,23.8,1.98,0.269,0,0,0,0.5,22.6,89.2,21.1,-1.09,0.204,-0.4,3.8,26,809,0.5,0,0,0
101.0,10,23.9,2.03,0.133,0,0,0,0.5,22.5,89.1,21.1,-0.79,0.288,-0.4,3.8,26,809,0.5,0,0,0
101.0,10,23.9,2.08,0.209,0,0,0,0.5,22.5,89.0,21.1,-0.522,0.294,-0.4,3.8,26,809,0.5,0,0,0
101.0,10,24.0,2.14,0.451,0,0,0,0.5,22.4,89.0,21.1,-0.32,0.231,-0.4,3.8,26,809,0.5,0,0,0
101.0,10,24.1,2.17,0.71,0,0,0,0.5,22.4,88.9,21.1,-0.197,0.149,-0.4,3.8,26,809,0.5,0,0,0
101.0,10,24.2,2.19,0.912,0,0,0,0.5,22.4,88.9,21.1,-0.153,0.0755,-0.4,3.8,26,809,0.5,0,0,0
101.0,10,24.4,2.2,1.05,0,0,0,0.5,22.4,88.9,21.1,-0.167,0.0158,-0.4,3.8,26,809,0.5,0,0,0
101.0,10,24.5,2.19,1.14,0,0,0,0.5,22.4,89.0,21.1,-0.22,-0.0349,-0.4,3.8,26,809,0.5,0,0,0
101.0,10,24.6,2.17,1.19,0,0,0,0.5,22.4,89.0,21.1,-0.301,-0.0797,-0.4,3.8,26,809,0.5,0,0,0
101.0,10,24.6,2.14,1.22,0,0,0,0.5,22.4,89.1,21.1,-0.401,-0.12,-0.4,3.8,26,809,0.5,0,0,0
101.0,10,24.6,2.11,1.27,0,0,0,0.5,22.4,89.2,21.1,-0.502,-0.168,-0.4,3.8,26,809,0.5,0,0,0
101.0,10,24.6,2.08,1.3,0,0,0,0.5,22.4,89.2,21.1,-0.602,-0.208,-0.4,3.8,26,809,0.5,0,0,0
102.0,10,24.6,2.05,1.17,0,0,0,0.5,22.4,89.3,21.1,-0.701,-0.186,-0.4,3.8,26,809,0.5,0,0,0
102.0,10,24.5,2.03,0.981,0,0,0,0.5,22.4,89.4,21.1,-0.778,-0.134,-0.4,3.8,26,809,0.5,0,0,0
102.0,10,24.5,2.04,0.906,0,0,0,0.5,22.3,89.4,21.1,-0.82,-0.107,-0.4,3.8,26,809,0.5,0,0,0
102.0,10,24.4,2.06,0.905,0,0,0,0.5,22.3,89.3,21.1,-0.838,-0.0948,-0.4,3.8,26,809,0.5,0,0,0
102.0,10,24.4,2.09,0.935,0,0,0,0.5,22.3,89.3,21.1,-0.84,-0.0876,-0.4,3.8,26,809,0.5,0,0,0
102.0,10,24.2,2.12,0.904,0,0,0,0.5,22.3,89.2,21.1,-0.831,-0.0528,-0.4,3.8,26,809,0.5,0,0,0
102.0,10,24.2,2.17,0.843,0,0,0,0.5,22.3,89.1,21.1,-0.781,0.00303,-0.4,3.8,26,809,0.5,0,0,0
102.0,10,24.2,2.23,0.897,0,0,0,0.5,22.3,89.0,21.1,-0.681,0.0236,-0.4,3.8,26,809,0.5,0,0,0
102.0,10,24.2,2.29,0.961,0,0,0,0.5,22.2,88.9,21.1,-0.577,0.0363,-0.4,3.8,26,809,0.5,0,0,0
102.0,10,24.2,2.34,0.967,0,0,0,0.5,22.2,88.9,21.1,-0.491,0.0609,-0.4,3.8,26,809,0.5,0,0,0
102.0,10,24.2,2.37,1.08,0,0,0,0.5,22.2,88.8,21.1,-0.421,0.0332,-0.4,3.8,26,809,0.5,0,0,0
102.0,10,24.1,2.39,1.28,0,0,0,0.5,22.2,88.8,21.1,-0.395,-0.041,-0.4,3.8,26,809,0.5,0,0,0
102.0,10,24.1,2.38,1.44,0,0,0,0.5,22.3,88.9,21.1,-0.414,-0.121,-0.4,3.8,26,809,0.5,0,0,0
102.0,10,24.1,2.35,1.51,0,0,0,0.5,22.3,89.0,21.1,-0.469,-0.18,-0.4,3.8,26,809,0.5,0,0,0
102.0,10,24.0,2.32,1.46,0,0,0,0.5,22.4,89.0,21.1,-0.541,-0.196,-0.4,3.8,26,809,0.5,0,0,0
102.0,10,23.9,2.29,1.25,0,0,0,0.5,22.4,89.1,21.1,-0.621,-0.145,-0.4,3.8,26,809,0.5,0,0,0
102.0,10,23.8,2.26,0.967,0,0,0,0.5,22.4,89.2,21.1,-0.687,-0.0577,-0.4,3.8,26,809,0.5,0,0,0
102.0,10,23.6,2.25,0.679,0,0,0,0.5,22.4,89.2,21.1,-0.734,0.0424,-0.4,3.8,26,809,0.5,0,0,0
102.0,10,23.5,2.26,0.516,0,0,0,0.5,22.4,89.2,21.1,-0.746,0.108,-0.4,3.8,26,809,0.5,0,0,0
102.0,10,23.4,2.28,0.526,0,0,0,0.5,22.4,89.2,21.1,-0.734,0.114,-0.4,3.8,26,809,0.5,0,0,0
103.0,10,23.4,2.3,0.619,0,0,0,0.5,22.4,89.2,21.1,-0.714,0.087,-0.4,3.8,26,809,0.5,0,0,0
103.0,10,23.4,2.32,0.785,0,0,0,0.5,22.3,89.1,21.1,-0.682,0.0321,-0.4,3.8,26,809,0.5,0,0,0
103.0,10,23.3,2.35,1.12,0,0,0,0.5,22.3,89.1,21.1,-0.642,-0.0886,-0.4,3.8,26,809,0.5,0,0,0
103.0,10,23.3,2.36,1.4,0,0,0,0.5,22.3,89.1,21.1,-0.643,-0.199,-0.4,3.8,26,809,0.5,0,0,0
103.0,10,23.3,2.35,1.5,0,0,0,0.5,22.3,89.2,21.1,-0.685,-0.252,-0.4,3.8,26,809,0.5,0,0,0
103.0,10,23.3,2.33,1.46,0,0,0,0.5,22.3,89.2,21.1,-0.749,-0.259,-0.4,3.8,26,809,0.5,0,0,0
103.0,10,23.2,2.3,1.35,0,0,0,0.5,22.3,89.3,21.1,-0.814,-0.242,-0.4,3.8,26,809,0.5,0,0,0
103.0,10,23.2,2.29,1.31,0,0,0,0.5,22.2,89.3,21.1,-0.866,-0.244,-0.4,3.8,26,809,0.5,0,0,0
103.0,10,23.2,2.27,1.36,0,0,0,0.5,22.2,89.4,21.1,-0.912,-0.28,-0.4,3.8,26,809,0.5,0,0,0
103.0,10,23.0,2.26,1.38,0,0,0,0.5,22.2,89.4,21.1,-0.962,-0.303,-0.4,3.8,26,809,0.5,0,0,0
103.0,10,23.0,2.25,1.37,0,0,0,0.5,22.2,89.4,21.1,-1.0,-0.309,-0.4,3.8,26,809,0.5,0,0,0
103.0,10,23.0,2.24,1.28,0,0,0,0.5,22.2,89.5,21.1,-1.03,-0.283,-0.4,3.8,26,809,0.5,0,0,0
103.0,10,22.9,2.24,1.06,0,0,0,0.5,22.2,89.5,21.1,-1.03,-0.201,-0.4,3.8,26,809,0.5,0,0,0
103.0,10,22.9,2.27,0.971,0,0,0,0.5,22.2,89.4,21.1,-0.96,-0.15,-0.4,3.8,26,809,0.5,0,0,0
103.0,10,22.9,2.3,1.13,0,0,0,0.5,22.2,89.4,21.1,-0.858,-0.195,-0.4,3.8,26,809,0.5,0,0,0
103.0,10,23.0,2.31,1.28,0,0,0,0.5,22.2,89.4,21.1,-0.807,-0.252,-0.4,3.8,26,809,0.5,0,0,0
103.0,10,23.0,2.29,1.29,0,0,0,0.5,22.2,89.4,21.1,-0.815,-0.276,-0.4,3.8,26,809,0.5,0,0,0
103.0,10,23.0,2.25,1.23,0,0,0,0.5,22.2,89.5,21.1,-0.853,-0.287,-0.4,3.8,26,809,0.5,0,0,0
103.0,10,23.0,2.21,1.17,0,0,0,0.5,22.3,89.6,21.1,-0.909,-0.296,-0.4,3.8,26,809,0.5,0,0,0
103.0,10,23.0,2.18,1.13,0,0,0,0.5,22.3,89.7,21.1,-0.974,-0.314,-0.4,3.8,26,809,0.5,0,0,0
104.0,10,23.0,2.14,1.15,0,0,0,0.5,22.4,89.7,21.1,-1.05,-0.351,-0.4,3.8,26,809,0.5,0,0,0
104.0,10,23.0,2.11,1.15,0,0,0,0.5,22.4,89.8,21.1,-1.14,-0.379,-0.4,3.8,26,809,0.5,0,0,0
104.0,10,22.9,2.08,1.16,0,0,0,0.5,22.5,89.9,21.1,-1.25,-0.413,-0.4,3.8,26,809,0.5,0,0,0
104.0,10,22.9,2.05,1.25,0,0,0,0.5,22.6,90.0,21.1,-1.38,-0.475,-0.4,3.8,26,809,0.5,0,0,0
104.0,10,22.8,2.01,1.22,0,0,0,0.5,22.7,90.0,21.1,-1.54,-0.496,-0.4,3.8,26,809,0.5,0,0,0
104.0,10,22.8,1.97,1.05,0,0,0,0.5,22.7,90.1,21.1,-1.71,-0.463,-0.4,3.8,26,809,0.5,0,0,0
104.0,10,22.7,1.94,0.987,0,0,0,0.5,22.8,90.2,21.1,-1.88,-0.46,-0.4,3.8,26,809,0.5,0,0,0
104.0,10,22.6,1.91,1.02,0,0,0,0.5,22.8,90.2,21.1,-2.02,-0.496,-0.4,3.8,26,809,0.5,0,0,0
104.0,10,22.4,1.87,1.12,0,0,0,0.5,22.8,90.3,21.1,-2.17,-0.563,-0.4,3.8,26,809,0.5,0,0,0
104.0,10,22.3,1.83,1.25,0,0,0,0.5,22.8,90.4,21.1,-2.35,-0.646,-0.4,3.8,26,809,0.5,0,0,0
104.0,10,22.2,1.79,1.38,0,0,0,0.5,22.8,90.4,21.1,-2.52,-0.726,-0.4,3.8,26,809,0.5,0,0,0
104.0,10,22.2,1.75,1.51,0,0,0,0.5,22.8,90.5,21.1,-2.67,-0.805,-0.4,3.8,26,809,0.5,0,0,0
104.0,10,22.2,1.72,1.33,0,0,0,0.5,22.8,90.6,21.1,-2.79,-0.757,-0.4,3.8,26,809,0.5,0,0,0
104.0,10,22.2,1.71,1.08,0,0,0,0.5,22.9,90.6,21.1,-2.84,-0.658,-0.4,3.8,26,809,0.5,0,0,0
104.0,10,22.3,1.73,1.03,0,0,0,0.5,22.9,90.5,21.1,-2.8,-0.617,-0.4,3.8,26,809,0.5,0,0,0
104.0,10,22.3,1.75,1.12,0,0,0,0.5,22.9,90.5,21.1,-2.72,-0.627,-0.4,3.8,26,809,0.5,0,0,0
104.0,10,22.4,1.77,1.28,0,0,0,0.5,22.9,90.4,21.1,-2.63,-0.679,-0.4,3.8,26,809,0.5,0,0,0
104.0,10,22.4,1.76,1.41,0,0,0,0.5,22.9,90.4,21.1,-2.51,-0.731,-0.4,3.8,26,809,0.5,0,0,0
104.0,10,22.4,1.74,1.53,0,0,0,0.5,22.9,90.5,21.1,-2.39,-0.794,-0.4,3.8,26,809,0.5,0,0,0
104.0,10,22.4,1.7,1.63,0,0,0,0.5,22.9,90.5,21.1,-2.27,-0.861,-0.4,3.8,26,809,0.5,0,0,0
105.0,10,22.4,1.65,1.69,0,0,0,0.5,22.8,90.6,21.1,-2.16,-0.921,-0.4,3.8,26,809,0.5,0,0,0
105.0,10,22.4,1.58,1.7,0,0,0,0.5,22.8,90.7,21.1,-2.06,-0.975,-0.4,3.8,26,809,0.5,0,0,0
105.0,10,22.4,1.5,1.7,0,0,0,0.5,22.8,90.9,21.1,-1.96,-1.03,-0.4,3.8,26,809,0.5,0,0,0
105.0,10,22.6,1.42,1.73,0,0,0,0.5,22.8,91.0,21.1,-1.86,-1.1,-0.4,3.8,26,809,0.5,0,0,0
105.0,10,22.6,1.34,1.78,0,0,0,0.5,22.8,91.2,21.1,-1.75,-1.18,-0.4,3.8,26,809,0.5,0,0,0
105.0,10,22.6,1.27,1.7,0,0,0,0.5,22.8,91.3,21.1,-1.63,-1.19,-0.4,3.8,26,809,0.5,0,0,0
105.0,10,22.7,1.22,1.44,0,0,0,0.5,22.8,91.4,21.1,-1.52,-1.12,-0.4,3.8,26,809,0.5,0,0,0
105.0,10,22.7,1.19,1.14,0,0,0,0.5,22.9,91.4,21.1,-1.42,-1.01,-0.4,3.8,26,809,0.5,0,0,0
105.0,10,22.8,1.2,0.96,0,0,0,0.5,22.8,91.3,21.1,-1.28,-0.914,-0.4,3.8,26,809,0.5,0,0,0
105.0,10,22.7,1.24,0.965,0,0,0,0.5,22.8,91.2,21.1,-1.12,-0.88,-0.4,3.8,26,809,0.5,0,0,0
105.0,10,22.7,1.27,1.08,0,0,0,0.5,22.8,91.2,21.1,-0.997,-0.893,-0.4,3.8,26,809,0.5,0,0,0
105.0,10,22.7,1.28,1.21,0,0,0,0.5,22.8,91.1,21.1,-0.91,-0.922,-0.4,3.8,26,809,0.5,0,0,0
105.0,10,22.7,1.29,1.28,0,0,0,0.5,22.8,91.1,21.1,-0.854,-0.936,-0.4,3.8,26,809,0.5,0,0,0
105.0,10,22.7,1.29,1.29,0,0,0,0.5,22.8,91.1,21.1,-0.794,-0.933,-0.4,3.8,26,809,0.5,0,0,0
105.0,10,22.7,1.29,1.42,0,0,0,0.5,22.8,91.0,21.1,-0.704,-0.969,-0.4,3.8,26,809,0.5,0,0,0
105.0,10,22.6,1.3,1.63,0,0,0,0.5,22.8,91.0,21.1,-0.61,-1.04,-0.4,3.8,26,809,0.5,0,0,0
105.0,10,22.6,1.28,1.73,0,0,0,0.5,22.8,91.0,21.1,-0.565,-1.09,-0.4,3.8,26,809,0.5,0,0,0
105.0,10,22.6,1.23,1.67,0,0,0,0.5,22.8,91.1,21.1,-0.579,-1.11,-0.4,3.8,26,809,0.5,0,0,0
105.0,10,22.4,1.17,1.49,0,0,0,0.5,22.9,91.2,21.1,-0.631,-1.07,-0.4,3.8,26,809,0.5,0,0,0
105.0,10,22.4,1.11,1.18,0,0,0,0.5,22.9,91.3,21.1,-0.683,-0.99,-0.4,3.8,26,809,0.5,0,0,0
106.0,10,22.3,1.07,0.895,0,0,0,0.5,22.9,91.3,21.1,-0.704,-0.896,-0.4,3.8,26,809,0.5,0,0,0
106.0,10,22.2,1.05,0.73,0,0,0,0.5,22.9,91.3,21.1,-0.687,-0.826,-0.4,3.8,26,809,0.5,0,0,0
106.0,10,22.1,1.07,0.682,0,0,0,0.5,22.9,91.3,21.1,-0.628,-0.784,-0.4,3.8,26,809,0.5,0,0,0
106.0,10,22.0,1.1,0.824,0,0,0,0.5,22.9,91.2,21.1,-0.54,-0.804,-0.4,3.8,26,809,0.5,0,0,0
106.0,10,22.0,1.13,0.971,0,0,0,0.5,22.9,91.1,21.1,-0.478,-0.834,-0.4,3.8,26,809,0.5,0,0,0
106.0,10,22.1,1.14,0.997,0,0,0,0.5,22.9,91.1,21.1,-0.448,-0.827,-0.4,3.8,26,809,0.5,0,0,0
106.0,10,22.1,1.14,0.987,0,0,0,0.5,23.0,91.0,21.1,-0.445,-0.815,-0.4,3.8,26,809,0.5,0,0,0
106.0,10,22.1,1.13,0.864,0,0,0,0.5,23.0,91.1,21.1,-0.49,-0.769,-0.4,3.8,26,809,0.5,0,0,0
106.0,10,22.1,1.11,0.662,0,0,0,0.5,23.1,91.1,21.1,-0.554,-0.697,-0.4,3.8,26,809,0.5,0,0,0
106.0,10,22.1,1.1,0.564,0,0,0,0.5,23.1,91.1,21.1,-0.609,-0.662,-0.4,3.8,26,809,0.5,0,0,0
106.0,10,22.1,1.08,0.497,0,0,0,0.5,23.1,91.1,21.1,-0.677,-0.642,-0.4,3.8,26,809,0.5,0,0,0
106.0,10,22.0,1.06,0.412,0,0,0,0.5,23.2,91.1,21.1,-0.745,-0.615,-0.4,3.8,26,809,0.5,0,0,0
106.0,10,22.0,1.04,0.358,0,0,0,0.5,23.2,91.1,21.1,-0.802,-0.597,-0.4,3.8,26,809,0.5,0,0,0
106.0,10,21.8,1.03,0.374,0,0,0,0.5,23.2,91.1,21.1,-0.855,-0.605,-0.4,3.8,26,809,0.5,0,0,0
106.0,10,21.8,1.02,0.447,0,0,0,0.5,23.2,91.1,21.1,-0.928,-0.639,-0.4,3.8,26,809,0.5,0,0,0
106.0,10,21.8,0.992,0.433,0,0,0,0.5,23.3,91.2,21.1,-1.02,-0.643,-0.4,3.8,26,809,0.5,0,0,0
106.0,10,21.8,0.974,0.33,0,0,0,0.5,23.3,91.2,21.1,-1.09,-0.605,-0.4,3.8,26,809,0.5,0,0,0
106.0,10,21.8,0.98,0.306,0,0,0,0.5,23.3,91.1,21.1,-1.08,-0.579,-0.4,3.8,26,809,0.5,0,0,0
106.0,10,21.7,1.0,0.346,0,0,0,0.5,23.2,91.0,21.1,-1.03,-0.566,-0.4,3.8,26,809,0.5,0,0,0
106.0,10,21.7,1.04,0.339,0,0,0,0.5,23.2,91.0,21.1,-0.945,-0.526,-0.4,3.8,26,809,0.5,0,0,0
107.0,10,21.7,1.08,0.305,0,0,0,0.5,23.2,90.9,21.1,-0.809,-0.47,-0.4,3.8,26,809,0.5,0,0,0
107.0,10,21.7,1.13,0.318,0,0,0,0.5,23.1,90.7,21.1,-0.622,-0.428,-0.4,3.8,26,809,0.5,0,0,0
107.0,10,21.7,1.17,0.374,0,0,0,0.5,23.1,90.6,21.1,-0.422,-0.407,-0.4,3.8,26,809,0.5,0,0,0
107.0,10,21.7,1.21,0.511,0,0,0,0.5,23.0,90.6,21.1,-0.238,-0.429,-0.4,3.8,26,809,0.5,0,0,0
107.0,10,21.7,1.22,0.674,0,0,0,0.5,23.0,90.5,21.1,-0.102,-0.482,-0.4,3.8,26,809,0.5,0,0,0
107.0,10,21.8,1.21,0.852,0,0,0,0.5,23.1,90.5,21.1,-0.0156,-0.558,-0.4,3.8,26,809,0.5,0,0,0
107.0,10,21.8,1.19,0.919,0,0,0,0.5,23.1,90.6,21.1,0.0211,-0.604,-0.4,3.8,26,809,0.5,0,0,0
107.0,10,21.8,1.15,0.78,0,0,0,0.5,23.2,90.6,21.1,0.0249,-0.574,-0.4,3.8,26,809,0.5,0,0,0
107.0,10,21.7,1.12,0.503,0,0,0,0.5,23.2,90.7,21.1,0.021,-0.483,-0.4,3.8,26,809,0.5,0,0,0
107.0,10,21.7,1.1,0.285,0,0,0,0.5,23.2,90.7,21.1,0.0162,-0.405,-0.4,3.8,26,809,0.5,0,0,0
107.0,10,21.7,1.08,0.102,0,0,0,0.5,23.2,90.7,21.1,-0.011,-0.338,-0.4,3.8,26,809,0.5,0,0,0
107.0,10,21.7,1.07,-0.00999,0,0,0,0.5,23.3,90.7,21.1,-0.0516,-0.295,-0.4,3.8,26,809,0.5,0,0,0
107.0,10,21.7,1.07,0.00537,0,0,0,0.5,23.3,90.7,21.1,-0.0944,-0.299,-0.4,3.8,26,809,0.5,0,0,0
107.0,10,21.7,1.07,0.155,0,0,0,0.5,23.3,90.7,21.1,-0.137,-0.353,-0.4,3.8,26,809,0.5,0,0,0
107.0,10,21.7,1.07,0.358,0,0,0,0.5,23.3,90.7,21.1,-0.187,-0.43,-0.4,3.8,26,809,0.5,0,0,0
107.0,10,21.7,1.07,0.48,0,0,0,0.5,23.4,90.7,21.1,-0.248,-0.477,-0.4,3.8,26,809,0.5,0,0,0
107.0,10,21.7,1.06,0.505,0,0,0,0.5,23.4,90.7,21.1,-0.308,-0.487,-0.4,3.8,26,809,0.5,0,0,0
107.0,10,21.6,1.05,0.54,0,0,0,0.5,23.4,90.7,21.1,-0.359,-0.502,-0.4,3.8,26,809,0.5,0,0,0
107.0,10,21.6,1.04,0.582,0,0,0,0.5,23.4,90.7,21.1,-0.423,-0.529,-0.4,3.8,26,809,0.5,0,0,0
107.0,10,21.6,1.01,0.524,0,0,0,0.5,23.4,90.8,21.1,-0.507,-0.524,-0.4,3.8,26,809,0.5,0,0,0
108.0,10,21.5,0.98,0.506,0,0,0,0.5,23.4,90.8,21.1,-0.579,-0.533,-0.4,3.8,26,809,0.5,0,0,0
108.0,10,21.4,0.96,0.498,0,0,0,0.5,23.4,90.8,21.1,-0.646,-0.539,-0.4,3.8,26,809,0.5,0,0,0
108.0,10,21.4,0.947,0.467,0,0,0,0.5,23.4,90.8,21.1,-0.702,-0.529,-0.4,3.8,26,809,0.5,0,0,0
108.0,10,21.2,0.946,0.446,0,0,0,0.5,23.4,90.8,21.1,-0.734,-0.513,-0.4,3.8,26,809,0.5,0,0,0
108.0,10,21.2,0.958,0.512,0,0,0,0.5,23.4,90.8,21.1,-0.749,-0.524,-0.4,3.8,26,809,0.5,0,0,0
108.0,10,21.1,0.968,0.453,0,0,0,0.5,23.4,90.7,21.1,-0.768,-0.484,-0.4,3.8,26,809,0.5,0,0,0
108.0,10,21.1,0.993,0.353,0,0,0,0.5,23.4,90.7,21.1,-0.748,-0.415,-0.4,3.8,26,809,0.5,0,0,0
108.0,10,21.1,1.04,0.243,0,0,0,0.5,23.4,90.6,21.1,-0.669,-0.328,-0.4,3.8,26,809,0.5,0,0,0
108.0,10,21.1,1.09,0.341,0,0,0,0.5,23.4,90.4,21.1,-0.538,-0.317,-0.4,3.8,26,809,0.5,0,0,0
108.0,10,21.1,1.14,0.493,0,0,0,0.5,23.4,90.3,21.1,-0.422,-0.341,-0.4,3.8,26,809,0.5,0,0,0
108.0,10,21.0,1.16,0.524,0,0,0,0.5,23.3,90.3,21.1,-0.332,-0.33,-0.4,3.8,26,809,0.5,0,0,0
108.0,10,21.0,1.18,0.534,0,0,0,0.5,23.3,90.2,21.1,-0.243,-0.315,-0.4,3.8,26,809,0.5,0,0,0
108.0,10,20.9,1.21,0.625,0,0,0,0.5,23.3,90.2,21.1,-0.157,-0.33,-0.4,3.8,26,809,0.5,0,0,0
108.0,10,20.9,1.23,0.847,0,0,0,0.5,23.3,90.1,21.1,-0.0847,-0.4,-0.4,3.8,26,809,0.5,0,0,0
108.0,10,20.8,1.24,1.1,0,0,0,0.5,23.3,90.1,21.1,-0.054,-0.494,-0.4,3.8,26,809,0.5,0,0,0
108.0,10,20.8,1.24,1.28,0,0,0,0.5,23.3,90.1,21.1,-0.076,-0.574,-0.4,3.8,26,809,0.5,0,0,0
108.0,10,20.8,1.21,1.35,0,0,0,0.5,23.3,90.2,21.1,-0.142,-0.623,-0.4,3.8,26,809,0.5,0,0,0
108.0,10,20.8,1.18,1.29,0,0,0,0.5,23.3,90.2,21.1,-0.241,-0.628,-0.4,3.8,26,809,0.5,0,0,0
108.0,10,20.8,1.14,1.16,0,0,0,0.5,23.3,90.3,21.1,-0.353,-0.602,-0.4,3.8,26,809,0.5,0,0,0
108.0,10,20.9,1.1,1.04,0,0,0,0.5,23.4,90.4,21.1,-0.479,-0.58,-0.4,3.8,26,809,0.5,0,0,0
109.0,10,20.9,1.07,0.933,0,0,0,0.5,23.5,90.4,21.1,-0.624,-0.563,-0.4,3.8,26,809,0.5,0,0,0
109.0,10,20.9,1.04,0.73,0,0,0,0.5,23.5,90.5,21.1,-0.799,-0.501,-0.4,3.8,26,809,0.5,0,0,0
109.0,10,20.9,1.02,0.491,0,0,0,0.5,23.6,90.5,21.1,-0.972,-0.411,-0.4,3.8,26,809,0.5,0,0,0
109.0,10,20.9,1.03,0.349,0,0,0,0.5,23.6,90.5,21.1,-1.11,-0.342,-0.4,3.8,26,809,0.5,0,0,0
109.0,10,20.9,1.05,0.32,0,0,0,0.5,23.6,90.4,21.1,-1.23,-0.308,-0.4,3.8,26,809,0.5,0,0,0
109.0,10,20.8,1.08,0.383,0,0,0,0.5,23.7,90.4,21.1,-1.33,-0.309,-0.4,3.8,26,809,0.5,0,0,0
109.0,10,20.8,1.1,0.461,0,0,0,0.5,23.7,90.3,21.1,-1.46,-0.326,-0.4,3.8,26,809,0.5,0,0,0
109.0,10,20.8,1.1,0.532,0,0,0,0.5,23.7,90.3,21.1,-1.59,-0.347,-0.4,3.8,26,809,0.5,0,0,0
109.0,10,20.8,1.1,0.652,0,0,0,0.5,23.7,90.3,21.1,-1.75,-0.396,-0.4,3.8,26,809,0.5,0,0,0
109.0,10,20.8,1.09,0.709,0,0,0,0.5,23.8,90.3,21.1,-1.93,-0.428,-0.4,3.8,26,809,0.5,0,0,0
109.0,10,20.8,1.07,0.597,0,0,0,0.5,23.9,90.4,21.1,-2.13,-0.399,-0.4,3.8,26,809,0.5,0,0,0
109.0,10,20.8,1.05,0.477,0,0,0,0.5,23.9,90.4,21.1,-2.32,-0.36,-0.4,3.8,26,809,0.5,0,0,0
109.0,10,20.8,1.05,0.46,0,0,0,0.5,24.0,90.4,21.1,-2.5,-0.357,-0.4,3.8,26,809,0.5,0,0,0
109.0,10,20.6,1.04,0.461,0,0,0,0.5,24.0,90.4,21.1,-2.63,-0.361,-0.4,3.8,26,809,0.5,0,0,0
109.0,10,20.6,1.03,0.521,0,0,0,0.5,24.0,90.4,21.1,-2.72,-0.392,-0.4,3.8,26,809,0.5,0,0,0
109.0,10,20.5,1.01,0.58,0,0,0,0.5,24.0,90.4,21.1,-2.76,-0.426,-0.4,3.8,26,809,0.5,0,0,0
109.0,10,20.5,0.996,0.622,0,0,0,0.5,24.1,90.5,21.1,-2.76,-0.452,-0.4,3.8,26,809,0.5,0,0,0
109.0,10,20.5,0.985,0.635,0,0,0,0.5,24.1,90.5,21.1,-2.72,-0.462,-0.4,3.8,26,809,0.5,0,0,0
109.0,10,20.5,0.978,0.6,0,0,0,0.5,24.1,90.5,21.1,-2.64,-0.449,-0.4,3.8,26,809,0.5,0,0,0
109.0,10,20.6,0.979,0.526,0,0,0,0.5,24.1,90.5,21.1,-2.53,-0.412,-0.4,3.8,26,809,0.5,0,0,0
110.0,10,20.6,0.989,0.294,0,0,0,0.5,24.1,90.4,21.1,-2.38,-0.302,-0.4,3.8,26,809,0.5,0,0,0
110.0,10,20.8,1.01,-0.0629,0,0,0,0.5,24.1,90.4,21.1,-2.23,-0.125,-0.4,3.8,26,809,0.5,0,0,0
110.0,10,20.9,1.07,-0.11,0,0,0,0.5,24.1,90.2,21.1,-2.03,-0.0567,-0.4,3.8,26,809,0.5,0,0,0
110.0,10,21.0,1.13,0.00185,0,0,0,0.5,24.1,90.1,21.1,-1.83,-0.0545,-0.4,3.8,26,809,0.5,0,0,0
110.0,10,21.2,1.17,0.144,0,0,0,0.5,24.1,90.0,21.1,-1.66,-0.0748,-0.4,3.8,26,809,0.5,0,0,0
110.0,10,21.2,1.21,0.219,0,0,0,0.5,24.1,90.0,21.1,-1.51,-0.0791,-0.4,3.8,26,809,0.5,0,0,0
110.0,10,21.4,1.23,0.194,0,0,0,0.5,24.1,89.9,21.1,-1.37,-0.0507,-0.4,3.8,26,809,0.5,0,0,0
110.0,10,21.5,1.24,0.185,0,0,0,0.5,24.1,89.9,21.1,-1.26,-0.0377,-0.4,3.8,26,809,0.5,0,0,0
110.0,10,21.5,1.24,0.121,0,0,0,0.5,24.1,89.9,21.1,-1.18,-0.0172,-0.4,3.8,26,809,0.5,0,0,0
110.0,10,21.5,1.21,-0.0785,0,0,0,0.5,24.1,90.0,21.1,-1.13,0.0476,-0.4,3.8,26,809,0.5,0,0,0
110.0,10,21.5,1.2,-0.226,0,0,0,0.5,24.0,90.0,21.1,-1.06,0.096,-0.4,3.8,26,809,0.5,0,0,0
110.0,10,21.5,1.2,-0.316,0,0,0,0.5,23.9,90.0,21.1,-0.969,0.136,-0.4,3.8,26,809,0.5,0,0,0
110.0,10,21.5,1.23,-0.295,0,0,0,0.5,23.9,89.9,21.1,-0.823,0.152,-0.4,3.8,26,809,0.5,0,0,0
110.0,10,21.5,1.28,-0.0709,0,0,0,0.5,23.8,89.8,21.1,-0.64,0.101,-0.4,3.8,26,809,0.5,0,0,0
110.0,10,21.6,1.33,0.257,0,0,0,0.5,23.7,89.7,21.1,-0.473,0.00469,-0.4,3.8,26,809,0.5,0,0,0
110.0,10,21.7,1.36,0.43,0,0,0,0.5,23.7,89.7,21.1,-0.364,-0.0482,-0.4,3.8,26,809,0.5,0,0,0
110.0,10,22.0,1.37,0.425,0,0,0,0.5,23.7,89.7,21.1,-0.288,-0.0418,-0.4,3.8,26,809,0.5,0,0,0
110.0,10,22.1,1.37,0.371,0,0,0,0.5,23.7,89.7,21.1,-0.217,-0.0214,-0.4,3.8,26,809,0.5,0,0,0
110.0,10,22.2,1.36,0.435,0,0,0,0.5,23.7,89.7,21.1,-0.147,-0.0541,-0.4,3.8,26,809,0.5,0,0,0
110.0,10,22.2,1.35,0.575,0,0,0,0.5,23.7,89.7,21.1,-0.0981,-0.129,-0.4,3.8,26,809,0.5,0,0,0
111.0,10,22.3,1.31,0.598,0,0,0,0.5,23.7,89.8,21.1,-0.0899,-0.17,-0.4,3.8,26,809,0.5,0,0,0
111.0,10,22.3,1.27,0.595,0,0,0,0.5,23.7,89.9,21.1,-0.0998,-0.205,-0.4,3.8,26,809,0.5,0,0,0
111.0,10,22.2,1.23,0.616,0,0,0,0.5,23.7,90.0,21.1,-0.125,-0.249,-0.4,3.8,26,809,0.5,0,0,0
111.0,10,22.2,1.19,0.61,0,0,0,0.5,23.7,90.1,21.1,-0.169,-0.282,-0.4,3.8,26,809,0.5,0,0,0
111.0,10,22.2,1.15,0.61,0,0,0,0.5,23.7,90.1,21.1,-0.23,-0.314,-0.4,3.8,26,809,0.5,0,0,0
111.0,10,22.2,1.11,0.6,0,0,0,0.5,23.7,90.2,21.1,-0.308,-0.335,-0.4,3.8,26,809,0.5,0,0,0
111.0,10,22.2,1.09,0.582,0,0,0,0.5,23.7,90.3,21.1,-0.394,-0.345,-0.4,3.8,26,809,0.5,0,0,0
111.0,10,22.1,1.08,0.596,0,0,0,0.5,23.7,90.3,21.1,-0.477,-0.355,-0.4,3.8,26,809,0.5,0,0,0
111.0,10,22.1,1.08,0.584,0,0,0,0.5,23.7,90.3,21.1,-0.555,-0.345,-0.4,3.8,26,809,0.5,0,0,0
111.0,10,22.1,1.1,0.58,0,0,0,0.5,23.6,90.2,21.1,-0.611,-0.329,-0.4,3.8,26,809,0.5,0,0,0
111.0,10,22.1,1.12,0.579,0,0,0,0.5,23.6,90.2,21.1,-0.642,-0.31,-0.4,3.8,26,809,0.5,0,0,0
111.0,10,22.1,1.14,0.584,0,0,0,0.5,23.6,90.1,21.1,-0.649,-0.292,-0.4,3.8,26,809,0.5,0,0,0
111.0,10,22.1,1.16,0.704,0,0,0,0.5,23.6,90.1,21.1,-0.638,-0.327,-0.4,3.8,26,809,0.5,0,0,0
111.0,10,22.2,1.16,0.902,0,0,0,0.5,23.6,90.1,21.1,-0.648,-0.409,-0.4,3.8,26,809,0.5,0,0,0
111.0,10,22.2,1.13,1.03,0,0,0,0.5,23.6,90.1,21.1,-0.696,-0.484,-0.4,3.8,26,809,0.5,0,0,0
111.0,10,22.3,1.09,1.02,0,0,0,0.5,23.6,90.2,21.1,-0.766,-0.51,-0.4,3.8,26,809,0.5,0,0,0
111.0,10,22.3,1.05,0.868,0,0,0,0.5,23.6,90.3,21.1,-0.825,-0.477,-0.4,3.8,26,809,0.5,0,0,0
111.0,10,22.2,1.03,0.604,0,0,0,0.5,23.6,90.3,21.1,-0.843,-0.381,-0.4,3.8,26,809,0.5,0,0,0
111.0,10,22.2,1.04,0.281,0,0,0,0.5,23.6,90.3,21.1,-0.793,-0.239,-0.4,3.8,26,809,0.5,0,0,0
111.0,10,22.2,1.07,-0.00665,0,0,0,0.5,23.5,90.2,21.1,-0.658,-0.088,-0.4,3.8,26,809,0.5,0,0,0
112.0,10,22.1,1.13,-0.157,0,0,0,0.5,23.4,90.1,21.1,-0.45,0.0228,-0.4,3.8,26,809,0.5,0,0,0
112.0,10,22.2,1.2,-0.0119,0,0,0,0.5,23.4,90.0,21.1,-0.205,0.0187,-0.4,3.8,26,809,0.5,0,0,0
112.0,10,22.3,1.25,0.23,0,0,0,0.5,23.3,89.9,21.1,-0.00248,-0.042,-0.4,3.8,26,809,0.5,0,0,0
112.0,10,22.4,1.27,0.438,0,0,0,0.5,23.3,89.8,21.1,0.139,-0.112,-0.4,3.8,26,809,0.5,0,0,0
112.0,10,22.7,1.26,0.598,0,0,0,0.5,23.3,89.9,21.1,0.217,-0.182,-0.4,3.8,26,809,0.5,0,0,0
112.0,10,22.8,1.24,0.651,0,0,0,0.5,23.3,89.9,21.1,0.239,-0.221,-0.4,3.8,26,809,0.5,0,0,0
112.0,10,22.9,1.22,0.628,0,0,0,0.5,23.3,90.0,21.1,0.226,-0.237,-0.4,3.8,26,809,0.5,0,0,0
112.0,10,23.2,1.18,0.573,0,0,0,0.5,23.4,90.0,21.1,0.182,-0.245,-0.4,3.8,26,809,0.5,0,0,0
112.0,10,23.3,1.14,0.489,0,0,0,0.5,23.4,90.1,21.1,0.113,-0.244,-0.4,3.8,26,809,0.5,0,0,0
112.0,10,23.3,1.1,0.388,0,0,0,0.5,23.5,90.2,21.1,0.0227,-0.237,-0.4,3.8,26,809,0.5,0,0,0
112.0,10,23.4,1.06,0.305,0,0,0,0.5,23.5,90.3,21.1,-0.0838,-0.235,-0.4,3.8,26,809,0.5,0,0,0
112.0,10,23.4,1.02,0.29,0,0,0,0.5,23.5,90.3,21.1,-0.208,-0.26,-0.4,3.8,26,809,0.5,0,0,0
112.0,10,23.3,0.977,0.413,0,0,0,0.5,23.5,90.4,21.1,-0.357,-0.342,-0.4,3.8,26,809,0.5,0,0,0
112.0,10,23.3,0.936,0.581,0,0,0,0.5,23.6,90.5,21.1,-0.533,-0.441,-0.4,3.8,26,809,0.5,0,0,0
112.0,10,23.2,0.894,0.614,0,0,0,0.5,23.6,90.6,21.1,-0.736,-0.485,-0.4,3.8,26,809,0.5,0,0,0
112.0,10,23.2,0.861,0.508,0,0,0,0.5,23.6,90.6,21.1,-0.937,-0.463,-0.4,3.8,26,809,0.5,0,0,0
112.0,10,23.2,0.854,0.395,0,0,0,0.5,23.6,90.6,21.1,-1.09,-0.415,-0.4,3.8,26,809,0.5,0,0,0
112.0,10,23.2,0.875,0.328,0,0,0,0.5,23.6,90.6,21.1,-1.19,-0.365,-0.4,3.8,26,809,0.5,0,0,0
112.0,10,23.0,0.906,0.317,0,0,0,0.5,23.7,90.5,21.1,-1.26,-0.33,-0.4,3.8,26,809,0.5,0,0,0
112.0,10,23.0,0.933,0.304,0,0,0,0.5,23.7,90.4,21.1,-1.33,-0.299,-0.4,3.8,26,809,0.5,0,0,0
113.0,10,23.0,0.955,0.266,0,0,0,0.5,23.7,90.4,21.1,-1.39,-0.261,-0.4,3.8,26,809,0.5,0,0,0
113.0,10,23.2,0.979,0.264,0,0,0,0.5,23.7,90.3,21.1,-1.44,-0.239,-0.4,3.8,26,809,0.5,0,0,0
113.0,10,23.2,0.999,0.186,0,0,0,0.5,23.8,90.3,21.1,-1.5,-0.186,-0.4,3.8,26,809,0.5,0,0,0
113.0,10,23.2,1.03,0.179,0,0,0,0.5,23.8,90.2,21.1,-1.51,-0.154,-0.4,3.8,26,809,0.5,0,0,0
113.0,10,23.2,1.07,0.319,0,0,0,0.5,23.8,90.1,21.1,-1.5,-0.18,-0.4,3.8,26,809,0.5,0,0,0
113.0,10,23.0,1.1,0.486,0,0,0,0.5,23.8,90.0,21.1,-1.46,-0.221,-0.4,3.8,26,809,0.5,0,0,0
113.0,10,23.0,1.12,0.531,0,0,0,0.5,23.8,90.0,21.1,-1.45,-0.223,-0.4,3.8,26,809,0.5,0,0,0
113.0,10,23.0,1.13,0.337,0,0,0,0.5,23.8,90.0,21.1,-1.46,-0.133,-0.4,3.8,26,809,0.5,0,0,0
113.0,10,23.0,1.16,0.0382,0,0,0,0.5,23.8,89.9,21.1,-1.42,0.0155,-0.4,3.8,26,809,0.5,0,0,0
113.0,10,23.0,1.22,-0.142,0,0,0,0.5,23.7,89.8,21.1,-1.27,0.14,-0.4,3.8,26,809,0.5,0,0,0
113.0,10,23.0,1.3,-0.223,0,0,0,0.5,23.6,89.7,21.1,-1.06,0.236,-0.4,3.8,26,809,0.5,0,0,0
113.0,10,23.2,1.38,-0.0521,0,0,0,0.5,23.6,89.5,21.1,-0.81,0.231,-0.4,3.8,26,809,0.5,0,0,0
113.0,10,23.3,1.44,0.175,0,0,0,0.5,23.5,89.4,21.1,-0.616,0.182,-0.4,3.8,26,809,0.5,0,0,0
113.0,10,23.4,1.48,0.311,0,0,0,0.5,23.4,89.3,21.1,-0.497,0.147,-0.4,3.8,26,809,0.5,0,0,0
113.0,10,23.5,1.5,0.385,0,0,0,0.5,23.4,89.3,21.1,-0.428,0.126,-0.4,3.8,26,809,0.5,0,0,0
113.0,10,23.6,1.52,0.538,0,0,0,0.5,23.4,89.3,21.1,-0.388,0.0729,-0.4,3.8,26,809,0.5,0,0,0
113.0,10,23.8,1.53,0.706,0,0,0,0.5,23.4,89.3,21.1,-0.382,0.00919,-0.4,3.8,26,809,0.5,0,0,0
113.0,10,23.9,1.54,0.829,0,0,0,0.5,23.4,89.3,21.1,-0.405,-0.0413,-0.4,3.8,26,809,0.5,0,0,0
113.0,10,23.9,1.54,0.896,0,0,0,0.5,23.4,89.3,21.1,-0.445,-0.0715,-0.4,3.8,26,809,0.5,0,0,0
113.0,10,24.0,1.54,0.876,0,0,0,0.5,23.4,89.3,21.1,-0.487,-0.0667,-0.4,3.8,26,809,0.5,0,0,0
114.0,10,24.0,1.55,0.82,0,0,0,0.5,23.3,89.3,21.1,-0.513,-0.0435,-0.4,3.8,26,809,0.5,0,0,0
114.0,10,23.9,1.56,0.789,0,0,0,0.5,23.3,89.3,21.1,-0.515,-0.0265,-0.4,3.8,26,809,0.5,0,0,0
114.0,10,23.9,1.58,0.869,0,0,0,0.5,23.2,89.3,21.1,-0.488,-0.054,-0.4,3.8,26,809,0.5,0,0,0
114.0,10,23.9,1.58,1.03,0,0,0,0.5,23.2,89.3,21.1,-0.458,-0.122,-0.4,3.8,26,809,0.5,0,0,0
114.0,10,23.9,1.57,1.14,0,0,0,0.5,23.1,89.3,21.1,-0.451,-0.179,-0.4,3.8,26,809,0.5,0,0,0
114.0,10,23.9,1.55,1.2,0,0,0,0.5,23.1,89.4,21.1,-0.463,-0.225,-0.4,3.8,26,809,0.5,0,0,0
114.0,10,23.9,1.54,1.29,0,0,0,0.5,23.1,89.4,21.1,-0.498,-0.28,-0.4,3.8,26,809,0.5,0,0,0
114.0,10,23.9,1.52,1.38,0,0,0,0.5,23.0,89.5,21.1,-0.572,-0.334,-0.4,3.8,26,809,0.5,0,0,0
114.0,10,23.9,1.5,1.43,0,0,0,0.5,23.0,89.5,21.1,-0.697,-0.38,-0.4,3.8,26,809,0.5,0,0,0
114.0,10,23.9,1.47,1.46,0,0,0,0.5,23.0,89.6,21.1,-0.864,-0.418,-0.4,3.8,26,809,0.5,0,0,0
114.0,10,23.9,1.44,1.46,0,0,0,0.5,23.0,89.7,21.1,-1.06,-0.445,-0.4,3.8,26,809,0.5,0,0,0
114.0,10,24.0,1.41,1.45,0,0,0,0.5,23.1,89.7,21.1,-1.28,-0.472,-0.4,3.8,26,809,0.5,0,0,0
114.0,10,24.0,1.37,1.43,0,0,0,0.5,23.1,89.8,21.1,-1.53,-0.492,-0.4,3.8,26,809,0.5,0,0,0
114.0,10,24.1,1.34,1.36,0,0,0,0.5,23.2,89.9,21.1,-1.8,-0.492,-0.4,3.8,26,809,0.5,0,0,0
114.0,10,24.1,1.32,1.35,0,0,0,0.5,23.2,89.9,21.1,-2.05,-0.507,-0.4,3.8,26,809,0.5,0,0,0
114.0,10,24.0,1.31,1.37,0,0,0,0.5,23.3,89.9,21.1,-2.3,-0.527,-0.4,3.8,26,809,0.5,0,0,0
114.0,10,24.0,1.31,1.35,0,0,0,0.5,23.3,89.9,21.1,-2.56,-0.524,-0.4,3.8,26,809,0.5,0,0,0
114.0,10,23.9,1.31,1.28,0,0,0,0.5,23.4,89.9,21.1,-2.83,-0.489,-0.4,3.8,26,809,0.5,0,0,0
114.0,10,23.9,1.32,1.11,0,0,0,0.5,23.4,89.9,21.1,-3.09,-0.412,-0.4,3.8,26,809,0.5,0,0,0
114.0,10,23.9,1.34,0.61,0,0,0,0.5,23.4,89.9,21.1,-3.3,-0.189,-0.4,3.8,26,809,0.5,0,0,0
115.0,10,23.9,1.41,0.341,0,0,0,0.5,23.4,89.7,21.1,-3.33,-0.0255,-0.4,3.8,26,809,0.5,0,0,0
115.0,10,23.9,1.49,0.273,0,0,0,0.5,23.3,89.6,21.1,-3.26,0.0684,-0.4,3.8,26,809,0.5,0,0,0
115.0,10,23.9,1.57,0.383,0,0,0,0.5,23.3,89.4,21.1,-3.15,0.0888,-0.4,3.8,26,809,0.5,0,0,0
115.0,10,24.0,1.65,0.548,0,0,0,0.5,23.3,89.3,21.1,-3.03,0.0758,-0.4,3.8,26,809,0.5,0,0,0
115.0,10,24.1,1.71,0.673,0,0,0,0.5,23.2,89.2,21.1,-2.91,0.065,-0.4,3.8,26,809,0.5,0,0,0
115.0,10,24.4,1.75,0.768,0,0,0,0.5,23.3,89.1,21.1,-2.81,0.0504,-0.4,3.8,26,809,0.5,0,0,0
115.0,10,24.5,1.77,0.876,0,0,0,0.5,23.3,89.1,21.1,-2.7,0.0154,-0.4,3.8,26,809,0.5,0,0,0
115.0,10,24.7,1.77,0.818,0,0,0,0.5,23.3,89.1,21.1,-2.56,0.034,-0.4,3.8,26,809,0.5,0,0,0
115.0,10,24.8,1.76,0.455,0,0,0,0.5,23.3,89.1,21.1,-2.38,0.169,-0.4,3.8,26,809,0.5,0,0,0
115.0,10,24.8,1.77,0.141,0,0,0,0.5,23.2,89.1,21.1,-2.07,0.301,-0.4,3.8,26,809,0.5,0,0,0
115.0,10,24.8,1.81,0.108,0,0,0,0.5,23.1,89.1,21.1,-1.64,0.336,-0.4,3.8,26,809,0.5,0,0,0
115.0,10,25.0,1.84,0.239,0,0,0,0.5,23.0,89.0,21.1,-1.21,0.294,-0.4,3.8,26,809,0.5,0,0,0
115.0,10,25.0,1.83,0.364,0,0,0,0.5,23.0,89.1,21.1,-0.863,0.23,-0.4,3.8,26,809,0.5,0,0,0
115.0,10,25.1,1.8,0.389,0,0,0,0.5,22.9,89.1,21.1,-0.608,0.186,-0.4,3.8,26,809,0.5,0,0,0
115.0,10,25.1,1.77,0.419,0,0,0,0.5,22.9,89.2,21.1,-0.417,0.137,-0.4,3.8,26,809,0.5,0,0,0
115.0,10,25.2,1.74,0.481,0,0,0,0.5,22.8,89.3,21.1,-0.289,0.0839,-0.4,3.8,26,809,0.5,0,0,0
115.0,10,25.2,1.72,0.614,0,0,0,0.5,22.8,89.4,21.1,-0.224,0.0124,-0.4,3.8,26,809,0.5,0,0,0
115.0,10,25.2,1.71,0.767,0,0,0,0.5,22.7,89.4,21.1,-0.253,-0.0644,-0.4,3.8,26,809,0.5,0,0,0
115.0,10,25.3,1.69,0.885,0,0,0,0.5,22.7,89.4,21.1,-0.361,-0.128,-0.4,3.8,26,809,0.5,0,0,0
115.0,10,25.3,1.68,1.03,0,0,0,0.5,22.7,89.5,21.1,-0.511,-0.2,-0.4,3.8,26,809,0.5,0,0,0
116.0,10,25.4,1.67,1.18,0,0,0,0.5,22.7,89.5,21.1,-0.69,-0.271,-0.4,3.8,26,809,0.5,0,0,0
116.0,10,25.6,1.65,1.27,0,0,0,0.5,22.8,89.6,21.1,-0.885,-0.326,-0.4,3.8,26,809,0.5,0,0,0
116.0,10,25.7,1.63,1.37,0,0,0,0.5,22.8,89.6,21.1,-1.09,-0.389,-0.4,3.8,26,809,0.5,0,0,0
116.0,10,25.7,1.6,1.42,0,0,0,0.5,22.9,89.7,21.1,-1.32,-0.44,-0.4,3.8,26,809,0.5,0,0,0
116.0,10,25.7,1.57,1.41,0,0,0,0.5,23.0,89.8,21.1,-1.55,-0.466,-0.4,3.8,26,809,0.5,0,0,0
116.0,10,25.7,1.52,1.23,0,0,0,0.5,23.0,89.8,21.1,-1.81,-0.434,-0.4,3.8,26,809,0.5,0,0,0
116.0,10,25.6,1.49,0.934,0,0,0,0.5,23.1,89.9,21.1,-2.01,-0.339,-0.4,3.8,26,809,0.5,0,0,0
116.0,10,25.4,1.49,0.532,0,0,0,0.5,23.1,89.9,21.1,-2.13,-0.172,-0.4,3.8,26,809,0.5,0,0,0
116.0,10,25.2,1.54,0.2,0,0,0,0.5,23.0,89.8,21.1,-2.1,0.00116,-0.4,3.8,26,809,0.5,0,0,0
116.0,10,25.1,1.62,0.0353,0,0,0,0.5,22.9,89.6,21.1,-1.94,0.134,-0.4,3.8,26,809,0.5,0,0,0
116.0,10,25.0,1.73,0.086,0,0,0,0.5,22.8,89.4,21.1,-1.7,0.193,-0.4,3.8,26,809,0.5,0,0,0
116.0,10,25.0,1.83,0.27,0,0,0,0.5,22.7,89.2,21.1,-1.44,0.195,-0.4,3.8,26,809,0.5,0,0,0
116.0,10,25.0,1.92,0.439,0,0,0,0.5,22.7,89.1,21.1,-1.2,0.191,-0.4,3.8,26,809,0.5,0,0,0
116.0,10,25.1,1.99,0.548,0,0,0,0.5,22.6,88.9,21.1,-0.963,0.202,-0.4,3.8,26,809,0.5,0,0,0
116.0,10,25.1,2.07,0.813,0,0,0,0.5,22.6,88.8,21.1,-0.716,0.144,-0.4,3.8,26,809,0.5,0,0,0
116.0,10,25.3,2.11,1.07,0,0,0,0.5,22.5,88.8,21.1,-0.518,0.0637,-0.4,3.8,26,809,0.5,0,0,0
116.0,10,25.4,2.11,1.13,0,0,0,0.5,22.5,88.8,21.1,-0.376,0.0329,-0.4,3.8,26,809,0.5,0,0,0
116.0,10,25.6,2.1,1.08,0,0,0,0.5,22.5,88.8,21.1,-0.247,0.0359,-0.4,3.8,26,809,0.5,0,0,0
116.0,10,25.6,2.09,0.95,0,0,0,0.5,22.5,88.9,21.1,-0.123,0.0677,-0.4,3.8,26,809,0.5,0,0,0
116.0,10,25.6,2.08,0.776,0,0,0,0.5,22.5,88.9,21.1,0.0121,0.121,-0.4,3.8,26,809,0.5,0,0,0
117.0,10,25.6,2.08,0.699,0,0,0,0.5,22.5,88.9,21.1,0.162,0.142,-0.4,3.8,26,809,0.5,0,0,0
117.0,10,25.4,2.08,0.684,0,0,0,0.5,22.4,89.0,21.1,0.295,0.136,-0.4,3.8,26,809,0.5,0,0,0
117.0,10,25.4,2.07,0.732,0,0,0,0.5,22.4,89.0,21.1,0.394,0.104,-0.4,3.8,26,809,0.5,0,0,0
117.0,10,25.4,2.06,0.824,0,0,0,0.5,22.3,89.0,21.1,0.443,0.0507,-0.4,3.8,26,809,0.5,0,0,0
117.0,10,25.4,2.05,0.913,0,0,0,0.5,22.3,89.1,21.1,0.447,-0.0025,-0.4,3.8,26,809,0.5,0,0,0
117.0,10,25.4,2.04,1.07,0,0,0,0.5,22.2,89.1,21.1,0.424,-0.0765,-0.4,3.8,26,809,0.5,0,0,0
117.0,10,25.6,2.04,1.29,0,0,0,0.5,22.2,89.2,21.1,0.382,-0.173,-0.4,3.8,26,809,0.5,0,0,0
117.0,10,25.6,2.03,1.49,0,0,0,0.5,22.2,89.2,21.1,0.307,-0.259,-0.4,3.8,26,809,0.5,0,0,0
117.0,10,25.7,2.02,1.59,0,0,0,0.5,22.2,89.2,21.1,0.194,-0.319,-0.4,3.8,26,809,0.5,0,0,0
117.0,10,25.7,1.99,1.63,0,0,0,0.5,22.1,89.3,21.1,0.043,-0.362,-0.4,3.8,26,809,0.5,0,0,0
117.0,10,25.8,1.95,1.64,0,0,0,0.5,22.1,89.4,21.1,-0.144,-0.401,-0.4,3.8,26,809,0.5,0,0,0
117.0,10,25.8,1.89,1.63,0,0,0,0.5,22.2,89.5,21.1,-0.361,-0.447,-0.4,3.8,26,809,0.5,0,0,0
117.0,10,25.8,1.84,1.68,0,0,0,0.5,22.2,89.7,21.1,-0.602,-0.515,-0.4,3.8,26,809,0.5,0,0,0
117.0,10,25.8,1.77,1.75,0,0,0,0.5,22.2,89.8,21.1,-0.862,-0.596,-0.4,3.8,26,809,0.5,0,0,0
117.0,10,25.8,1.7,1.71,0,0,0,0.5,22.3,89.9,21.1,-1.15,-0.64,-0.4,3.8,26,809,0.5,0,0,0
117.0,10,25.8,1.63,1.53,0,0,0,0.5,22.4,90.1,21.1,-1.44,-0.624,-0.4,3.8,26,809,0.5,0,0,0
117.0,10,25.8,1.58,1.12,0,0,0,0.5,22.5,90.2,21.1,-1.7,-0.504,-0.4,3.8,26,809,0.5,0,0,0
117.0,10,25.7,1.57,0.941,0,0,0,0.5,22.5,90.2,21.1,-1.88,-0.439,-0.4,3.8,26,809,0.5,0,0,0
117.0,10,25.6,1.57,0.864,0,0,0,0.5,22.6,90.2,21.1,-2.04,-0.404,-0.4,3.8,26,809,0.5,0,0,0
117.0,10,25.3,1.59,0.883,0,0,0,0.5,22.6,90.1,21.1,-2.17,-0.4,-0.4,3.8,26,809,0.5,0,0,0
118.0,10,25.3,1.6,0.998,0,0,0,0.5,22.6,90.1,21.1,-2.26,-0.433,-0.4,3.8,26,809,0.5,0,0,0
118.0,10,25.2,1.61,1.18,0,0,0,0.5,22.6,90.1,21.1,-2.31,-0.495,-0.4,3.8,26,809,0.5,0,0,0
118.0,10,25.1,1.63,1.38,0,0,0,0.5,22.6,90.0,21.1,-2.31,-0.561,-0.4,3.8,26,809,0.5,0,0,0
118.0,10,25.1,1.63,1.51,0,0,0,0.5,22.6,90.0,21.1,-2.27,-0.61,-0.4,3.8,26,809,0.5,0,0,0
118.0,10,25.1,1.63,1.6,0,0,0,0.5,22.6,90.0,21.1,-2.18,-0.643,-0.4,3.8,26,809,0.5,0,0,0
118.0,10,25.1,1.62,1.63,0,0,0,0.5,22.6,90.1,21.1,-2.07,-0.661,-0.4,3.8,26,809,0.5,0,0,0
118.0,10,25.1,1.6,1.64,0,0,0,0.5,22.6,90.1,21.1,-1.94,-0.683,-0.4,3.8,26,809,0.5,0,0,0
118.0,10,25.1,1.56,1.66,0,0,0,0.5,22.5,90.2,21.1,-1.8,-0.718,-0.4,3.8,26,809,0.5,0,0,0
118.0,10,25.1,1.52,1.65,0,0,0,0.5,22.5,90.3,21.1,-1.68,-0.752,-0.4,3.8,26,809,0.5,0,0,0
118.0,10,25.1,1.46,1.64,0,0,0,0.5,22.5,90.4,21.1,-1.59,-0.792,-0.4,3.8,26,809,0.5,0,0,0
118.0,10,25.2,1.39,1.66,0,0,0,0.5,22.5,90.5,21.1,-1.51,-0.846,-0.4,3.8,26,809,0.5,0,0,0
118.0,10,25.2,1.33,1.65,0,0,0,0.5,22.5,90.6,21.1,-1.46,-0.89,-0.4,3.8,26,809,0.5,0,0,0
118.0,10,25.2,1.26,1.62,0,0,0,0.5,22.5,90.7,21.1,-1.46,-0.929,-0.4,3.8,26,809,0.5,0,0,0
118.0,10,25.2,1.19,1.58,0,0,0,0.5,22.5,90.9,21.1,-1.51,-0.96,-0.4,3.8,26,809,0.5,0,0,0
118.0,10,25.2,1.13,1.55,0,0,0,0.5,22.5,91.0,21.1,-1.6,-0.991,-0.4,3.8,26,809,0.5,0,0,0
118.0,10,25.3,1.07,1.56,0,0,0,0.5,22.5,91.1,21.1,-1.69,-1.03,-0.4,3.8,26,809,0.5,0,0,0
118.0,10,25.3,1.02,1.3,0,0,0,0.5,22.5,91.1,21.1,-1.77,-0.956,-0.4,3.8,26,809,0.5,0,0,0
118.0,10,25.4,1.02,1.21,0,0,0,0.5,22.5,91.1,21.1,-1.78,-0.915,-0.4,3.8,26,809,0.5,0,0,0
118.0,10,25.4,1.03,1.23,0,0,0,0.5,22.5,91.1,21.1,-1.76,-0.908,-0.4,3.8,26,809,0.5,0,0,0
118.0,10,25.6,1.04,1.14,0,0,0,0.5,22.6,91.0,21.1,-1.74,-0.858,-0.4,3.8,26,809,0.5,0,0,0
119.0,10,25.6,1.05,0.948,0,0,0,0.5,22.5,91.0,21.1,-1.7,-0.762,-0.4,3.8,26,809,0.5,0,0,0
119.0,10,25.6,1.07,0.904,0,0,0,0.5,22.5,90.9,21.1,-1.61,-0.717,-0.4,3.8,26,809,0.5,0,0,0
119.0,10,25.6,1.1,1.04,0,0,0,0.5,22.5,90.8,21.1,-1.5,-0.74,-0.4,3.8,26,809,0.5,0,0,0
119.0,10,25.6,1.12,1.19,0,0,0,0.5,22.5,90.8,21.1,-1.41,-0.784,-0.4,3.8,26,809,0.5,0,0,0
119.0,10,25.6,1.12,1.28,0,0,0,0.5,22.5,90.8,21.1,-1.34,-0.814,-0.4,3.8,26,809,0.5,0,0,0
119.0,10,25.6,1.1,1.27,0,0,0,0.5,22.5,90.8,21.1,-1.28,-0.817,-0.4,3.8,26,809,0.5,0,0,0
119.0,10,25.6,1.08,1.23,0,0,0,0.5,22.6,90.8,21.1,-1.21,-0.809,-0.4,3.8,26,809,0.5,0,0,0
119.0,10,25.6,1.07,1.19,0,0,0,0.5,22.6,90.8,21.1,-1.11,-0.798,-0.4,3.8,26,809,0.5,0,0,0
119.0,10,25.6,1.06,1.15,0,0,0,0.5,22.6,90.8,21.1,-0.99,-0.785,-0.4,3.8,26,809,0.5,0,0,0
119.0,10,25.4,1.05,1.13,0,0,0,0.5,22.6,90.8,21.1,-0.887,-0.774,-0.4,3.8,26,809,0.5,0,0,0
119.0,10,25.4,1.04,1.03,0,0,0,0.5,22.6,90.8,21.1,-0.821,-0.739,-0.4,3.8,26,809,0.5,0,0,0
119.0,10,25.4,1.03,0.836,0,0,0,0.5,22.6,90.8,21.1,-0.77,-0.664,-0.4,3.8,26,809,0.5,0,0,0
119.0,10,25.3,1.03,0.754,0,0,0,0.5,22.6,90.8,21.1,-0.693,-0.621,-0.4,3.8,26,809,0.5,0,0,0
119.0,10,25.2,1.05,0.921,0,0,0,0.5,22.6,90.8,21.1,-0.618,-0.67,-0.4,3.8,26,809,0.5,0,0,0
119.0,10,25.1,1.05,1.16,0,0,0,0.5,22.6,90.8,21.1,-0.592,-0.757,-0.4,3.8,26,809,0.5,0,0,0
119.0,10,25.1,1.04,1.37,0,0,0,0.5,22.6,90.8,21.1,-0.618,-0.84,-0.4,3.8,26,809,0.5,0,0,0
119.0,10,25.0,1.03,1.51,0,0,0,0.5,22.6,90.8,21.1,-0.681,-0.904,-0.4,3.8,26,809,0.5,0,0,0
119.0,10,25.0,1.01,1.54,0,0,0,0.5,22.7,90.8,21.1,-0.762,-0.925,-0.4,3.8,26,809,0.5,0,0,0
119.0,10,24.8,0.998,1.52,0,0,0,0.5,22.7,90.8,21.1,-0.846,-0.923,-0.4,3.8,26,809,0.5,0,0,0
119.0,10,24.8,0.986,1.46,0,0,0,0.5,22.8,90.8,21.1,-0.943,-0.907,-0.4,3.8,26,809,0.5,0,0,0
120.0,10,24.7,0.963,1.23,0,0,0,0.5,22.8,90.8,21.1,-1.07,-0.827,-0.4,3.8,26,809,0.5,0,0,0
120.0,10,24.7,0.947,0.987,0,0,0,0.5,22.9,90.9,21.1,-1.16,-0.735,-0.4,3.8,26,809,0.5,0,0,0
120.0,10,24.6,0.941,0.758,0,0,0,0.5,22.8,90.8,21.1,-1.21,-0.64,-0.4,3.8,26,809,0.5,0,0,0
120.0,10,24.5,0.95,0.56,0,0,0,0.5,22.8,90.8,21.1,-1.2,-0.545,-0.4,3.8,26,809,0.5,0,0,0
120.0,10,24.4,0.977,0.505,0,0,0,0.5,22.8,90.7,21.1,-1.12,-0.494,-0.4,3.8,26,809,0.5,0,0,0
120.0,10,24.2,1.01,0.591,0,0,0,0.5,22.8,90.7,21.1,-1.0,-0.499,-0.4,3.8,26,809,0.5,0,0,0
120.0,10,24.2,1.02,0.656,0,0,0,0.5,22.8,90.6,21.1,-0.909,-0.506,-0.4,3.8,26,809,0.5,0,0,0
120.0,10,24.4,1.03,0.728,0,0,0,0.5,22.7,90.6,21.1,-0.812,-0.524,-0.4,3.8,26,809,0.5,0,0,0
120.0,10,24.4,1.03,0.733,0,0,0,0.5,22.7,90.6,21.1,-0.72,-0.523,-0.4,3.8,26,809,0.5,0,0,0
120.0,10,24.4,1.03,0.752,0,0,0,0.5,22.7,90.6,21.1,-0.63,-0.527,-0.4,3.8,26,809,0.5,0,0,0
